0.0001246026854522563
0
0
0.00022354423077518046
0
0.00021751711668923753
0
0
0
0
0
0
0.003043907419991068
0
0
0
8.060210174198245e-05
0
0
0
0.00011011172058161467
0
0
0
0
0.0012857834038253093
0.00013709038227924925
0.00013099522596243265
0
6.314485863452797e-05
0
4.276290275018859e-05
0.0008228257447316495
0.00010509754550918978
0
0.00011156282790331945
0.00018522016258861276
0
0
0
0
0
0
0
0
0
0.0003254650710124958
0.0002134702233843284
0
0
0
0.00027880573550403964
0.0009856852216080813
0.000841923788398595
0
0
0
0
0.00017048467411491126
0
0
0
0
0
0
0
0
0.00037981959613255845
0
0
0.0005523409135039187
0
0
0
0
0.0002223038129124305
0
0
0.0010485627891510748
0
7.048975070052927e-05
0
0
0
0
2.9839149724072987e-05
0
0
0
0
0
0
0
0
0.00027718927605013724
0
0
5.4124516896979855e-05
0
0
0
0
0
0
0
0
0
0
3.5257514585926765e-05
0
0
0
0.0001361769611427421
0
0.0003043370787977657
0
0
0
0.0001039129170662207
0
0
0
0
5.254964233410809e-05
0.00022280109720465352
0.0005072070222339868
4.897925593171413e-05
6.532102989245243e-05
0.00024399000714045498
0
0
0
0
0
3.0233727344470453e-05
0
0
0
3.2131781373642244e-06
9.142764319464815e-05
0
0.0002638038286076223
0
0
5.287376396600069e-05
0
0
0.00026460833724414027
0
0
0
0.00011877627364828437
7.445130354002352e-05
0
0
0
0
0
0
8.43528737685778e-05
0
0
0
0
0
0
0
0.0005709057438088136
0
0
0
0
0
0.0008981543215926624
0
7.493839340769635e-05
0
0
9.761175536470402e-05
0
0
0
5.7125960840767985e-05
0
7.271212431886189e-05
0.0002401125633579397
0.00016610444598993282
0.0004157036797907801
0
0.00015630087705740143
0
0
0
9.422187329681346e-05
0
0
0
0
0
0
0.0006427996049677985
0
0
2.51703092463388e-05
0
0
0.0006587168927295482
0
0.00012729541523563343
0
0
0.00012776518547378545
0
0.00012577270690161059
5.35767318532078e-05
0.00046547689579366585
0
7.921157873515412e-05
0
0
0
0
0
0
0
0
0.0015687815677713176
3.4245393479720725e-05
4.134575989501764e-05
0
0
0.0001585169588285881
0.0007973452982228034
0
0
9.669476145119281e-05
8.456929608209219e-05
0.0005779200390711194
1.0166634320380222e-05
0
0
0
0
0.00022030522328506116
0.0007827145080249187
5.805225102600522e-05
4.498774288650391e-05
9.42342788726628e-06
0
0.00020192282784776522
0
4.8840461395046884e-05
0
0.0001758778213732755
0
0.00028731430472412554
0.00020603698500274621
0
0.00025342695171466433
4.268795923780021e-05
0
0
0.00015531769235362284
0
5.631196603759574e-05
0
0.00015827450902321775
0.00023958100616321335
0
4.757437487734913e-06
0.0001687234806924544
0
0
0
0
0
0.0002970079596318342
0
0.0002752881853467665
0
0
0
4.323361961074899e-05
8.470625078303717e-05
0
4.3140265571721525e-05
0
0
0
0
0.0001511095163821644
0
0.0001494579411558394
2.966317826969371e-05
0.00026966514677687086
0
0
0
0.0003426652984735133
0
5.470077643803394e-05
6.029789201711951e-06
0.00019992765695857968
0.00024783158670785315
0
0
0
0
6.608312308247144e-06
0.0002627329413347587
0.00026701599022515963
0.00019395547669069416
0.0001991860528224933
0
0
0
0.00015088239889147304
3.93921712239692e-05
5.854753368574513e-05
0
0
0
0
0
0
0
8.16780599075013e-06
3.0370391605949944e-05
0.00021111585757062449
1.9846658439769653e-05
0
0.00016673266366617963
0
7.576202989603962e-05
0
0
0
0
0
0.000509818076274601
0.00021075910737935823
0
0.00016224885572065502
2.5186533852432945e-05
0.0008713933834611919
0
0
0
0
0
0
0
0.00038823282260477127
0
0.0007504513044933823
0
1.773025968114585e-05
2.0591922678146055e-05
0.00012393164550885929
0
0
0.00018526643472240752
0
7.089077647911998e-05
9.347723356362792e-05
6.598581476086733e-05
0
0.00013717042158783546
0.00027046847447137565
0.0001107624208145072
0
0.00010072355743801336
0
0
0
0.0004864456895066944
9.481345841075227e-05
0
0
0
0
0
7.077821987685365e-05
0
0
0
0
0
0
0
0
0
0
0.0005714392501163629
0
0
0
0
0
6.411222292036264e-05
0
7.054977799657574e-05
0
0
0
0
0
0
0
0
0
0
0
0
1.7443741471905798e-05
0
0
0
8.956303688932982e-05
3.8094687610847796e-05
0
0.00021710525023331144
0
0
0
0
0
0.00022713557673235664
0
0
0
0
0
0
3.6118083471091024e-05
0
0
0
0
0
0
0.0004792031935071398
0
0
0
0.0006360935022719624
0
0
0
3.6472800624364046e-05
0
0
0
0
0.00032568457735996194
0.00044554770982273756
0
0
0
5.3155214572711346e-05
4.625818615773001e-05
4.2162086292085626e-05
0.00032303204166180655
0
0
0
0
0
0
0
1.939071809032042e-05
0
0
0
0.00040350997784745343
0
6.701557694785709e-05
0
0
0.00019377757835811394
0
2.804971345292319e-05
0.00011143843925296823
0
0.0001866522323420173
0.00015603006367417908
0
7.36158078095966e-05
0
0
0
0
0
0
0.0008299366578341209
8.755110534738846e-06
0
0.00013714189338469025
0
2.2625061826845755e-05
8.820173887919732e-05
0.0005187208941186875
0.00023789211025327227
0.00011499101115384804
0
0.00014001320671935363
0
0
3.239275673732005e-05
1.15010742272803e-05
1.781654784764088e-06
4.4055415388314296e-07
0
7.344099096214485e-05
4.0987394614595306e-05
0
0.0005027130493774172
7.979904848461674e-05
8.555505804405873e-05
2.868581579664421e-05
0
0.0003095863586726195
0
0
0.00015537727227521268
0.0005917179728419682
0
0
0
0
0
0.00012405375091637007
0.0008034120866298793
0
0
0.00015375111337037208
0
2.343015623849589e-05
0
0
0
0
0.000380542822906832
4.934236698267187e-05
9.239576156826057e-05
0.00018884672383215136
0
0
0.00028094942859003457
0.00011321891487690149
0.0015586420591752873
0
0.0004128588893361377
1.7385047287955246e-05
7.660182072008045e-06
0
0.00021007937178106503
3.774737034237778e-05
6.62508507880734e-05
0.00042918746804943404
0
3.4351005027902665e-05
5.879472770952494e-05
4.897924403455352e-05
7.10504800444301e-05
0
0
0
8.137765808966676e-05
0
0
4.625818615773001e-05
0
0.00032010257060928937
0.00026824882685919175
0
0
2.65779987970693e-05
0
0
0.00025015853920452933
2.0019934803812367e-05
5.0732537895026014e-05
7.673824064250044e-05
0
0.00017832248468878435
0
0
4.625818615773001e-05
0.00034212773479772837
0
2.01035738704866e-05
0
0.000257006710382443
0
0.00019160748397809135
0.0001489251400952389
0
7.096127621432907e-05
0
0
0
0
0.00015789271873513448
0
0
0.00028667963868330706
0
0
0
0.002089411987919902
0
0.0004953661738342154
1.6440627937581695e-06
0.00017411087993693104
3.6880096542043795e-05
1.1690694912877904e-05
0
0.00015663089110364532
8.640653167453746e-05
0.00016663470896362316
0.00019759253753548055
0
0
0
0.0004886575814444125
0
0
0.00031512240456960816
0.00023772941124491955
0.0018270980284642916
0.00030332139248217334
0.0002986766701723301
0.0005854702429870298
0
0
0
0.0005362687317090845
0
0.00016736335224028096
0
0
0
0
0
2.0045214001683004e-05
1.935148673059015e-05
0
0
0
0
0.00015250121814014853
0
0
0
0
0.0004944286907720047
4.956028758367337e-06
0
2.693213088301254e-05
0.0002604149591123802
0.00010493979116012912
0
9.295692646934316e-05
0.0001254142208638395
0
0
0
0.00014816736683468662
0.00012169410445025269
0
0.00017081089110363633
0.0001177657212757472
0
0
3.283421086274125e-05
0
0
0.00023382234569528721
0
0
0
0.000527900134169703
0
0
5.709415743865425e-05
0
0.0001627215777261722
1.732858780797308e-05
0
0.0014302183248271982
7.656292421583567e-05
3.759954701506267e-05
0.00016331622480394254
0
0
0
7.10682250219306e-05
0.00012401806776583482
0.00020417596631118522
9.082060395095533e-05
0.0005837192684064567
0
0
0
0.00011618676788576307
0
0
0
8.513197910102539e-05
0
0
8.895805030332694e-07
0.00010902089294034957
0
0
0.00034628101188061914
0.00046488934753397454
0.0002607914883317254
0
0.00010758913752669091
0
0.0005526589797273837
5.160154093265299e-05
0
2.9774193923437438e-05
0
0.00011175228733309622
0
0
0.00019459422991070522
0
6.358492890075079e-05
0
0
0.00017220994678819008
0
0
0.00012437242842092385
3.806181187563057e-05
0
3.558208434632481e-05
0
0.0002504088731765982
0
0
0
0
0
0.0003132695812044665
0.0002524976358181679
0.0006498682624954947
7.519493069505841e-05
0
0
0
0.00012372334537525735
0
0.00015510127181401722
0.0002387921875002689
0
0
0
0
0.00010230543914390328
0
0
0
0
9.602723376130128e-05
0
0
0
0.0008304581795817488
0
0.000172226117699154
1.0421074096279433e-05
0.00015810242326973512
0
0.00010877676969875662
0
2.8490270976587084e-06
0.0003497679509671388
6.586744695545021e-05
0.00036881189537629484
2.542960291371091e-06
0
0.0008084632714202263
1.9385887383803034e-05
0.00010286365723043817
0
6.96351808902499e-05
0.00019795758699629767
0.0001397149331802241
0.0001140604481531931
0
0
0
6.410011389795796e-05
7.496968737809873e-05
0
0.00020267675889671418
0.00045333157303402395
0.00029293486516041007
0
0
0.00014102361734704284
0
0.00017823112859381254
0.0003419876940741429
0.0001463258223239104
0
0
0.00013808984510757516
0.00019235044288487668
0
0.0008300770031017475
0.00018444894537112717
0
0.00021237948194987466
0.00045356361238823586
2.763245283031465e-05
9.515048951474159e-05
0.000128888965914676
0
0
0.0001389900998716571
0
0
0
0.00019951250651404717
0
0.00010794358018247279
0
0.001596840343907917
0.00010688909485385517
4.873062740461293e-05
0
0
0.00012921501736838686
0.000221152533929929
0
0
0
0
0
0.00020008144624897878
7.393893485977353e-05
0
0
0
0
0
0
0.0002590260442059878
0
0.0003750450485030812
0
0.00044338826980442887
0.00010822644485247246
8.601171051739713e-05
0
0.0008644490809575652
0
0
4.625818615773001e-05
4.3895787353970364e-05
0.0005544374773721707
0.0001569502612122572
0
0.00012477336522743096
0.00039009348144696497
0
6.757967520760513e-05
6.534055796249559e-05
0
0
0
0.00014359868431906958
0.0003913223290900286
0
0
0
0
0.000683512250193627
0
0
0
0.00022290537035728485
6.640743780167876e-05
0
0
0
0.00012398004178329434
0.0003929498161751028
0
0
0
0
0
0
0
0
1.5136438224706935e-05
0.00017171501247741403
0
0
0.00027364022110810184
0
0
0
0
0
0
0
0
0
0
3.881636534129548e-06
0
0
0
0
0.00016038181392688557
0
0
1.918023096737922e-05
0
0
0.0005001511431924081
0
0
0.0005411584548709675
0
1.6222101452712796e-05
0
0
0.00024616590527505057
9.881273329066905e-05
0.0003341359499137101
0
0.0002790606532185748
3.46461672418934e-05
0
0
0.00018138998263880085
0
0
0
0
0.00011001600635064775
0
0
8.505055030569796e-05
5.164606815465142e-05
0
0
4.162090060732051e-05
0
0
0
0
0
0.0005030494139195071
9.34237175827462e-05
3.078399034274811e-05
0
0.0006779219067807113
0.0005130043913769759
0
0.00029569569909243813
2.507571502637336e-05
0.0002914657622574219
0.00044603525316659165
0.0007982418312668342
0.0005172104290504299
4.135302419534987e-05
0
0
0
0
0
0
0
0
0
0
0
0
0.00021131228655742537
0.001810286795921846
0
0
0
0.0002922621588434802
0.0002701089550962665
0.00030822332498473416
0.0007811444263078228
0
0
0.00011419279874972587
0
0
0.0005328391461609291
0.00030038745840329335
0.00042340598213791626
0
0.0002725194680895256
0
0
0
0
0
0
0
0.0011175262336026617
0
0
0
0
0
0.0001576170557727487
0
6.845550414145691e-05
4.605793297517153e-05
0.00016302046049376315
0
0
0
0
0
0
0
0.0001898960613187975
0
0
0
0.00033170914896376403
0
0.00016848490595009995
0
0
0.00031094117487417375
0.00014679965503697082
0
0.00017255273535545125
0
0
0
0.00031466591281638395
0.00022071531716552007
0.00022512061436094833
0
0.0002923046065721287
0
0
0
0
0
8.203577784064305e-05
0
0.00020170395571948092
0
0
0.00048029443550817773
0
0
0
0
0
0
0.00029031005814062253
0
0.00032846356953776003
0
0
6.250349330616371e-05
0.00034840775179696676
0.0002649299204354171
0.00020993436644223373
0
0.0002914241304662111
0
0
0
0
0.0002815976611051381
0.002081682022222719
0
4.0936447927194697e-07
0
0
0
0
0.00040381218554618343
0
0.0005447760684670677
0
0
0.0008253557168919648
0
0
0
0.0002523401349964991
0
0
0
0.0005204115792269637
0
3.2233454314754824e-05
0.0002823076363996341
0.00011483407766079814
0
0
7.801191721808026e-05
0
0
0.00031377208113916795
0
0
0
0
0
0
0
0
0
0
0
0
0
0
0
0
0
0
0
0.0004972227889876112
0.00019072850087271308
0
0
0
0.0006107760581955425
0
0
0.00030562418460065524
0
0
0
0
0
0.0001064274615916914
0
0.0004937415601022283
0.00012519308576287895
0
0.00016152352508361372
0.00032982402397237236
0
0
0
0.00018855859715194385
0
0.0005287549294301151
0.0005509590571571563
0
0
0
0.00019396329863020844
0.0002942772543933299
0
0
0.00019028765810258878
0.00020934589265596818
0
7.324746541717696e-05
0
0
0
0
0
0.0002966610462653636
0.0004970197376678591
0
0
0
0.00021886015161261973
0
0
0
0.0002977803481055056
0.0006345312134315576
0.00021220354422037252
0.0004394682373565789
9.51139886890371e-05
0.00016092959437862908
9.67176851522272e-05
0
0
0
0
0.0002591421815954538
0
0
0.00044271093441948056
0
0
0
8.388262386221657e-05
0
0
0
0.000611669086193029
0
0.0002490593211593009
0
0.0001646141742318631
0.0003476493262279899
0
0.00027774300774743453
0
0.000254083684349628
0
0
0
0
0
0
0.0007638642832632034
0
0
0
0
0
0
0
0
0
0
0.0005373638578671679
0.00029105626966735966
0
0
0.00010127597850247845
0
0
0.00023473219001434104
0
0.0006644702705525368
0
0.00017390944433795947
4.72764481171769e-06
0
0
0.0003835489139156566
0
0.0003908115878861333
2.4898683100329487e-05
1.7791610060665387e-06
0.00016795027916736088
0.00036146016358498835
6.621458042058094e-05
0.0005894891462916419
4.626884090988812e-05
0
0
0.00048109907893064926
0.0004236778240232821
0.00032399789811037976
0
0
0.0001669181696063661
0
0
0
0
0.00015681886192320466
1.9772143046603672e-05
0
0
9.515855266101348e-05
0.0004528835379387508
0
0
0
0.00011456418006356857
0
0.00019270110889631605
0.00028558103931820443
0
0
0.00013682633089181256
0.00023377096502645136
0
0
0
0.00010421071357886392
6.310803022882675e-08
0.00030822332498473416
0.00022468530203634593
0
0
0.00012177209402801321
0.0005184900997664552
0
0
0
0.00023303785724663133
0.00019757850943966755
0.00026164687478131545
0.0015562729582306492
0.0002270489217141226
0
0
0
0
0.00014875996387861553
9.970485054112055e-05
8.727959652401888e-07
0
0
0
0
0.00016723378677709736
8.774998116638326e-05
0.0003473455489464906
0.000333457925732303
0
3.337809935311255e-05
0
0.00034184096060641477
0.00019107508306318225
0
0
0
0
0.00025984554249547354
0
0
7.956099400356262e-05
0
0.0006917345336784142
0.00014665448715934902
0
0
0
0
0.00020651799449166786
0.000475217272901557
0
8.268495894137026e-05
0.00011959718254610945
5.073571973377195e-05
0
6.640622129842937e-05
0
0
0.00024998178740195514
6.538052372309235e-05
0
0
0
0.0003817768470356049
0
0.00014677308886475366
0
0
0.00017362616861742262
0
0
0
0
0.0001337890845286003
3.153823941953156e-05
0
0.0003281760564807564
0.0005100805522498951
0
0
0
6.662153953768975e-05
5.447389845986272e-05
0
0
0
0.0011292675092445179
0
0
0
0.0004611702740983916
0.0008143484253856228
0
0.0002101775985117492
0
0
0
0
0.000619189699628156
0
0.00021342133087078806
6.127929694281603e-05
0
0
0.00013836297580616753
0.0001699254912910651
0.0001953015503787024
0
0
8.667032140916864e-06
0.0002638781881346165
0
0
0.0006045320257536366
8.309287262060675e-05
4.6671205676995455e-05
0
0
0
0
8.261350776569631e-05
0
0
8.436915994621336e-05
0
0
0
0
7.802800563799647e-06
0.0002566208370913661
0.00022901814393279076
0
0
0
0
0
0
5.5850605839230714e-05
0.000706297559432792
2.630687954628544e-05
0
0
0.00010726278965827135
0
0
0
0
0.0005285194603879442
0
0
0.00040131069066771214
0.00045578020026056744
0
0
0.00048619606448674086
0.0003461591030792352
0.00016765886986321558
0
0
0
0
0
0
0.00014808885969206875
0
3.553086437740718e-06
0.0007151420033686611
0.0002467475968452468
0
0
0
0
0.0006965172228619745
0
0
0.0010876278065985708
0.0006412120752075475
0.00010453056442916216
3.9835351456444596e-05
0.00010638007387486442
0.0005042722848399299
0
0
0
0
0
0
0
0
0.0005901446918819815
0
0.0002849847001049268
9.129162119646115e-05
0
0.00017480553321970482
0
8.668191303146645e-05
0
0.0011071767267017917
0
0
3.2351656110489604e-05
0.00024398345155696603
0
0
0
0
0
0
0
0
0
6.352737251596625e-05
0.00042649570411023636
0.0003957917586992609
0.0001757831835221513
0
0.00016298917517478898
0
0.0001046930052709881
0.00035135325923741164
0
0.0002273787945239375
0
0
0.00026240525545467245
0.0002515157920461473
0
0
8.55103441789876e-05
0.00021483268802592836
5.400699278178874e-05
0
0
0
0
0.0002287261704334722
0.0003720427903395005
0
0.00033173784074059116
0
0
0.00011663093387557203
0
0
0.0004331314956348512
0
0
0.0004712517669781272
0
0
0.00031410180316246075
0.0002947798147230829
1.5093272034670824e-05
0
0
0
0.00016352695785359878
0
0
0
0
0
0
0
0
8.401199979603391e-06
0
0.0005439648301273481
0.0005753167315570774
7.60092727829654e-05
0
0.0012429338872156372
0
0
0
0.00045395626645627874
0.0001405062835092486
0.0002961385352160399
0.0009085374504818297
0
0.00013495742829204235
0.0001722651961426117
0.00047648699379424615
4.278601054234589e-05
0
0.0001786077025197569
0.00010962039873920215
0
0
0
0
0
0
0
0
0
0
0
0
8.921592185920645e-05
0
0
0
1.403415361924495e-05
0
0
0
0.0004672751226383117
0
0
0
0
0.0006719204614546595
0
0
0
0
0
0
0.00012986124991855948
0
0.000244715872442261
0
0
0
0.0005187088415030676
0
0
0
0
0
3.1088551831530596e-05
0
0
0.0004606533361883489
0.0007334942751638618
7.50273988538975e-05
0
0
0
0
0
0
0.000283076378802743
0
0
0
0
0
0
0
0.00014313135003741085
0
0
0
0
0
0
0
0
7.709697692955001e-06
0
0
0.0001862011856255888
0.0007354869722854659
0
0
0
1.7791610060665387e-06
0
0.00037270779345100055
0.00024901852993010625
0.000222803499818679
0.00042787603893226545
0
0
0.00021134798143776696
5.107188281717494e-07
0.00021178468657781686
0.00013336918478121335
0
0
0.0004585372899360389
0
8.456317535146239e-05
0
0
0.0008461735461746539
5.141937769216144e-05
6.108885421596566e-05
0.00015434125178069992
0
0.00013363163159669467
0
0
0.0005409678888170543
0.00010123146506848727
0.000598416285083935
0
0
0
0
0.0002912182970767201
0
0.00032618881369545773
0
0.00013953993834695414
0
1.793004422596428e-05
0
0
0
0
0
0
0.0002758564939829075
0
0.00033394724824605486
0
0
0
0
0
0
0
0
0
0
0
0
0
0
0
0
0
0
0
0
0
0
0
0
0
0
0
0
0
0.00011242806645382709
0
4.0505883984538305e-05
0
0
0
0
6.016643744135025e-05
0
0.00040410871879299
0
0
0
0.0019451745965231961
0
0
0
0
0.00035346000996344575
5.7253343174863915e-05
0.00024866254791524445
0.0002420104644921488
0
0.0003262303376656336
0
0
0
0
0.00020246225730081253
0
0
0
0
0
0.00016865911062318491
7.985044039131966e-06
0
0
0.0003337921863608132
0
8.385348924039362e-05
0
1.2476767141229842e-05
0.00036350370926336337
0
0
0
0.00015506803423770982
0
0.0001150991554387667
0
0
1.0679841826528964e-05
0
0.0007243077272818559
0
0.00018984969199538164
0.0008982384654425744
0
9.052069598862881e-05
0.0006401994516185051
1.2102304037259965e-06
0
0
0
0.00037591652039487374
4.956822336791428e-05
0
0
0
1.522732490749822e-06
0.0009531213766262299
0.0003828961459265367
0
0.00016528308669082136
0
0
0
0
0.0009334633320495432
0.0008031439104496085
0
0
0
0
0
0.0006847355049016206
0
0
0
0.0002781467878452615
0
0.0005572964403388345
0
0
6.359031090602935e-05
0
0.00011070410061533322
0
0
0
0
0
0.0004986089905992749
0
6.633418038533641e-05
0
0
0.00015354036354749638
0.00018363875622225422
0
0
0.00033585167121560406
0
0
0
0
0
0
0
0.00046691442616994425
0
0
0
0
0
0
0
0.00010288920424510569
0
0
1.5500170184175865e-05
2.261314524170041e-05
0.00028286737127000027
0.0007701074557308497
0.0003551632406079076
0
0
0
0
0
0
0
0
0
0
0.00043865228620606144
0
0.00044419695731513775
0
0
0
0
0
0.0003166523685384714
0
0
4.897925593171413e-05
0
0
0.0020517972313301874
0
0
0.0004684820045694301
0.000132995993713958
4.625818615773001e-05
0
2.2027707694157145e-06
0.00025117530815378896
4.030549059265837e-05
0
0
0.0007369295703601386
0.00035282644654819565
0.00013683571806251074
0
0
0.0008677645705413895
0.00033620343614952175
0.00022181239581767483
0
0.0006682872851498676
0
0
0
0
0
0.00027872722438275526
0
0.0005337852767706806
4.300351981942349e-06
0
0
2.5859603655361006e-05
0
0
0.0006019052498641831
0
0
0
0.0006018954870889308
0.0003656404629833895
0
0
0
0.00012163044763635574
0
0
0.0007635420259875843
0
0
0
0
0
0
4.625818615773001e-05
0
0.00013995296606249534
0
0
0
0
0
0
0.0004608210178218283
0.0009519729950609019
0.0005285102206602242
0.00043047790365633267
0.00017768518949483835
0.0025208543433201253
0.00016865584855486603
0
0
0.0001577396000704696
0.0002277512107923469
0
0
0
0
0.00020453780301986135
0.0004549789545379919
1.1114744925578534e-06
0.00016694951968181218
4.6269451352286865e-05
0
0
0.00017996700269985673
0
3.679667050963615e-05
0
0.00016415285241379662
0
0
0
1.5747625350297204e-05
0.00020246734480348731
0
0
0
0
4.625818615773001e-05
0
0.00046362697816759154
4.625818615773001e-05
1.3351796944067787e-05
0
0
0.0001810164868077256
0
0.0005612641639936594
0
0
0
0.0004029543923551513
0
4.0577356278710533e-07
0
0
0.0005772831414333264
0
0.0003623457169347989
0.00019126316236990883
1.692711371126164e-05
0
0
0
0
0
0
0.0001845638393647737
0.002760514153703346
0
0.00025377961255553807
0
0
0
0
0
0
0
0.000378139992640347
0.0006036982473286057
0
0
0
7.900553215429931e-05
0
0
0
5.550982338927601e-05
6.566857304581337e-06
0
0.0005112579466125132
0
0.00040741086562193424
0
0
0
0.00046875390575806976
0
0
0
0
0
0
0
0
0
0
0
0
0
0
0
0.0005277200778203531
0
0
0
0
0
0
0
0
0.0024891341752717707
0
0
0
0.0006736093613153229
0.00022114821710735944
0
0
0
0.00018591214888310497
0
0
0
2.3129093078865004e-05
0.0013503973637900419
0
0
0.00018668075346578363
0
0
0
0
0
0
7.412708937149523e-05
2.7729537382560386e-06
0
0
0.0009826073583015002
0
0.0006651603718250626
0.00020848862067050945
0.0009222688428650552
0
0.000402049341401563
0.0002956662608462142
0
0
0
0
0.001079201964473018
0.0005949175859003372
0
0
0
0
0
0
0
0
0
0
0
0.001327948405965914
0
0.000485893398384282
0
0.0004216511215117808
0
0
0.000355150289347975
0
0
0.0003074326787937671
0
0
0
0
0
0
0
0.0003245330380689149
0
0
0
0
0.0014271070004575946
0
0
0
0
0.000198007628194618
3.828542847082044e-05
0
0
0
9.312592119134104e-05
0.0012230980821931056
0
0
0.0002902552443118668
0.00011194366700385572
0
0
0
0
0.0008448214726880419
0
0.00037802968632164724
2.8472369162048103e-05
0.00025139542122768523
0.0005673509092743915
0.0010393461118620244
0.00034214658725728825
0
0.00017262346531804202
0
0.00014669923503885258
0
0.00011263058470156731
0.00019639642754380434
0
9.329382082231263e-06
0
0
0
0
0.00024611362875871876
0
0
0
0
0.00018713754269930006
0.00012090398445234994
0.0007174319663124768
0.00030257021698545965
0
0.00026318169725018654
0
0.004016125354179852
0
0
6.608312308247144e-06
0
0
0
0
0
0
0
0.000735780880911142
0
4.625818615773001e-05
0.00033520673779416246
1.522732490749822e-06
0
0
5.874789642031711e-05
0.001187174006880065
0.0008923759238366841
0.0013805415656261038
0.0004662436150948269
0.0015691077269212304
0.0007233080478692824
0
0.000920997055239254
0
0.0002432727222569538
0
0
0.0004906933576152893
0.0005629168120569139
0
0.00022586246490876097
8.881402653969136e-06
0
0
0
0.0003058932645285066
0
0
0
0
0
0
0
0.00032633063805854323
0.0005041075210406656
8.619305230595076e-05
0
0.0002378889407234065
0
0
0
0.0006479889162507859
0
0
0.00029699388987564036
0.0004996650589518488
0
0
0.00020763641306384832
0
0
0
0
0
0.0005236081327301231
0.0002579569022363249
0
0.00022016383144190626
0
0
0
0
0
7.0243912313590015e-06
0.00010387900166550381
0
0
0.00011852302933895264
0
0.0006187695543343414
0
0
0
0
5.2932973597796486e-05
0
0
0
0
0
0
0.001223471496453575
0.0005279295677906047
0
0
0
0.0001464203453870114
0
0
0
0.0002949867707636521
0
0.00031111969914335036
0.0003441983940231965
0.0002493402640962129
0
0
0.00021115296507804215
0
0.00016426195554643854
0
0
0.0007344454182341373
0.001042962801679409
0
9.75585932512104e-05
0
0
0
0.00011850394109855465
0
0
0
0.0006392101777789619
0
0.0004361623248469506
0
0
0.000688983662103319
0
0
0
0.0003973470233037508
0
6.00755664386104e-07
0.0001122095471237517
0.0001809245727786882
0
0
0.0002957960492855282
0
0
0.00023818556141932381
0.00028064646448881347
0
0.00047342567429135737
0.0002610248304220888
0
2.3201371494736456e-05
0.0003034806391507783
0.00016460801051728833
0.0007021835691622459
1.0601746328000734e-05
0
0
0.0002102292512314871
0.0003434136117845691
0.00047681937068427534
0
0
0.00024403560227935134
0
1.424184464982913e-05
0
0
0
9.211441030360373e-06
1.522732490749822e-06
0
0
0
0
0
0
0.0006880620004479722
0
0
0.0005387636217809794
0
0
0.0012384682458004114
0
0
0
0
0
0
0
0
0.0013259972534132513
0
0
0
0.0006090092078614736
0
0.0002870235170515471
0
0
0
0
0
0
0
0
0
0
0
0
0
0
0
0
0.00026506114393746034
1.448528315251981e-05
0
0
0
0
0
0
0.00038494648059999225
0.0002734918804021311
0
1.4838170567568634e-05
0
0.00015172379364847743
0.0001025814581423126
0
0
0.00025337834914079577
0.00034231704464217046
0
0.00016619570190449983
3.308736263987705e-05
4.232927142422272e-05
0
0
0
0.00032721237247032407
0
0
0
0
0
0.0008552354729363295
0
0
0
0.00013840447663559884
0
0
0
0
0.0001567838331762954
0
0
0
0.0004934864607789997
1.0418034022179807e-05
0
0.001675360291802528
0
0
0
0.0004964137113563344
0
0
0.00020125438106018015
0
0.0002629299924420033
0
0
0.0002319868558477555
0.0004392486227476571
3.126013787786197e-05
0
0
0.0001381833267068932
0
2.9247005522121456e-05
0
0.00028425002447279363
0
0
0
0
0
0
0
0.00028304925474511536
0
0.00012043422492014642
0
0
0
0.0003133705160048851
0.00016031937106138753
0
0.00029938919256788173
0
0
0.0010555174188850935
0
0.00044628069598513884
0.0002624088321033133
0.0004260117058855618
0
0
0
0.00043921477219310693
0.0003000891706715395
0
0
0.00029480778609645086
0
0.0003639933545905995
0.00020899467705141813
0
0.0009822470042753668
0
0.0009481445386519777
0.0007924397114754304
0.0005665468537751963
0.00028074370657029524
0.0006386028238303995
0
0
0.00030568805475968467
0.0012189324340733255
0
4.3578939082284005e-06
0
0
0
0
0
0
0
0
0
0
9.32619677726779e-06
0
0
0
0
0
0.00014932865111854429
0
0.0005362218905935579
0
0
0
0
0
4.557661106389251e-06
0
0
0
0.00011831833901701586
0
0
0
0
0
0
2.3129093078865004e-05
0
0.0013765655324132374
0
0
0
0
0.002416277741198197
0
0
0.0003753403888159102
0
0
0
0
0
0.00018425404673087022
0
0.0003861982125155009
5.107188281717494e-07
0.0003193737593815175
0
0
0
0
0
0
0
0.00022142524959838772
0
0.0008692785388085891
0
0
0
0
0
0.0006483010979556933
7.388264805120397e-06
0
0
0
0.0005482444972245311
0
0
0
0
0.0005774906788690794
0
9.251637231546001e-06
0.0004495421306576942
0
0.00038597770699348537
2.3475405161877472e-05
0
0
0.00033545361401852547
0
0.0001476556605155991
0
0
0
0
1.6990310308255113e-05
0
0
0
0
0
0
0.0003437461728713602
0
0
0
0
0
0
0.00023177186085840442
0
0
0
0.0002656682765554503
0
0
0
0
0
0
0
0
0
0
0.00022095446261966782
0.0007476366631685099
1.2921105538091242e-05
0
0
0
0
0.00010695076412190029
0
0
0
0
0
0
0
0
0
0
0
0
0
0
0
0
0
0.00019812002366110235
2.6411255139950754e-06
0.0014660675113541393
0
0
0
0
0.00011310856444369408
0
4.625818615773001e-05
0
0
0
0
0
0.00024633742784596586
0
0.0005353762370631844
1.2502212475062165e-06
0
0
0.0002759275037114351
0
0.0010370255183779719
0
0
0.0008196337192134089
0
0
0
0
0
0
0
0.00026160753812941886
0
0.00037622405421629143
0
0
0
0
0
0.00046545125628112206
0
0
0.0005450608210641146
0
0.0005804619107087216
0
0.00010631417355872833
0
0
0
2.3129093078865004e-05
0
0
0
0
0
0.0005889339159388124
0.000267040618864718
0.00020587006609193746
0
0
8.629930422260773e-06
0
0
0
0
1.752819661261081e-05
1.650630942348204e-05
0.0011402475916352844
0
0
2.126529341690194e-05
0
0
0
0
0
0.0012232508708824798
0.00014129224697599502
0
0
0
0
0
0
0
0.00013407315078515334
0.00029530615742171413
0
0
0.0003202281367617623
0.002308677558551697
0
0
0
0
0
0
0
0
0
0.0003880511178308625
0
0
0
9.797676644207901e-06
0
0
0
0
0.00021236034641965745
0
0
0
0
0
0
0
0
0
0
0.0002223584049635999
0.0006376682085312695
0
0
0
0
0
0
0
0
0.00045495223824477103
0
0
0.0009270406924911641
0
0
0.00044932679090611415
0
0
0
0.0002629193631113763
0.0002431383927894332
0
0
0
0.0007254855464780258
0.0010412661432681273
0
0.00045661010245130713
0
0
0
0
0.0003945923509035077
0.00038883407574555405
0.0008990280854258098
0.00017240997024959597
0.002055667797773767
0
0.00027623329698528583
0.0011043148198852915
0.0004039086646846854
0
0
4.529047909221804e-05
0.0001507875018010337
1.1353240111475404e-05
0
0
0
0
0
0
0
0.0004952438730115766
0
0
0
0.0001472806598826965
0.0006516054599172819
0
0
8.25224322468204e-05
6.408642834718418e-06
0
0
0.00034947143933025405
0
0
0
0
0.0014298449553672799
0
0
2.1712572797824978e-05
0
0
0
0
0
0
0.0006542138496793761
0
0
8.291688166977478e-05
0
0
0
0
0
0
0
0
0.0005397421865965716
0
0
0
0
0
0.0015885464733353496
1.1348258673632146e-05
0
0
0.00023483581916215979
0
0
0
0
2.7729537382560386e-06
2.951429391734433e-05
0
0
0
0
8.85971935481623e-05
0
0
0.00018292332808418616
0
0
0
0.0012322760994831128
0
0
0
0
3.324165184244275e-05
0.0013963220617658134
0
0
8.242401662384123e-05
0
0
0.0004469195314308744
0
0
0
0
0
0.0008312247337858558
0.00042423996622943563
0
0
1.2490599567372591e-05
0
0
0
0
0
0
0
0
0
0
0
0
0
0.0003621268380566185
4.583897725802385e-06
0
0
0
0.00022222407491756077
0.0007327807084255067
4.625818615773001e-05
0
0
0
0
0
0
0
1.2502212475062165e-06
0
0.000591027583809148
0
0
0.0007003522783741216
0.0003986747924679951
0
0
0
0
0
0
0
0.0006290782330812536
0.000753775666306406
3.5726726737036106e-05
0
0
0.0008598649393702758
0
0
0
0
0
0
0
0
0
0.0003580664799635979
0.0002435428318205156
0
0
0.0002814542083949245
0
0
0
9.981705817938303e-05
0
0
0
0
0
0
0
0.0003869098922562887
3.9809550512778014e-05
0
0
0
0
0
0
0
0
0
0.0002792008386731791
0
3.854848846477501e-06
0
0
0
0
0
0
0
0
0
9.251637231546002e-05
0
0
0.00017376574248840918
0
0
0.0004160672948894374
0
0.0002388314301007723
0
0.0003063493226031119
0
0
0
0
0
0
0
0
0
1.2502212475062165e-06
0
0
0.0005728354880184852
0
0
0
0.0004053033996565292
0
0
0.0003520225197285395
0
0
0
0
0
0
0
0
0
0
0
3.821076640254852e-05
0.0005894940247785371
0
2.2558339900655645e-06
0
0
5.088400477350301e-05
0
0
0
0
0
0
0
0
0.00025349958995430244
0
0.00048525581458183967
0
0.0008984951839249234
1.051322412675682e-06
0
0
0.0004911337634805832
0
0
0.00025488059109858027
5.4568705893187595e-05
0
0.00024554154576338533
0.0002771517757320749
6.617850120285925e-05
1.858997653055191e-05
0.0005585943716451654
0.00036509115949696577
0
0
1.1575359323935037e-05
0
0
0
0
0
0
0
0.0003760679959504709
0
0
8.683373017434384e-05
0
0
0
0
0.00015304095258600496
0.00033454628654519005
0
0
0.0004953463357385365
0
4.625818615773001e-05
0
0
0.00028616597548768207
0
0
0
0
0
0
0
0
0.00015425717629322544
0
0.0009159561999551333
0
0
0
0
0.00025659956943557545
0
0.0002998667028344575
2.9737405387112147e-05
0
0
0
0.0008274672571678972
0
0
0
0.001289135912450575
0.0009624567674402439
0
0
0
0.0004857872578994125
0
0
0
0
0
0.0006152684932359899
8.1538211276345e-06
5.782273269716251e-06
0
0
0
0.00013572154750697335
0
5.7508446337142795e-05
0
0
0
0.0002479505651150605
0
0
0
0
0
0
0
0
0.0003337135243940114
0
0
0
0.00018627876192003025
0
0
0
0
0
0
0
0.00021376510420956143
0.0003684040923575663
0
0
0
0.0010638034085374477
0
0
0
0.00016909425337661516
0
0.00014879544794858284
0.0005516784410476861
9.251637231546001e-06
6.123483594446145e-06
0.00063211847411967
0
0
0
6.137054914294939e-06
0
0
0
0
0
0
0
0
0
0
0
0
0
0
0
0
0
0
1.1222481543196616e-06
0
0.0008406065323518328
0.00025027423420371863
2.980532674458935e-06
0
0
0
0
0.0003793223470943764
0
7.11090143655004e-05
0
0
0
7.923320583514958e-07
0
0
0
0.004934858995664501
0
0
0.0010970053502869774
0.0006965485863381743
0
0.00033843895846518313
0.00023844743239808303
0
0
7.174307092429613e-06
6.535745985172961e-06
0
8.6420333499109e-05
0
0.0005099173486858378
0
0
3.426100766061991e-05
0
0
0
0
0
0.00023147479813262289
0
0
2.525205331315696e-06
0
0
0.0008077756005191158
0.00040064247265691945
0
0
0
0
0
4.022452195865086e-05
0
0
0
2.585468784335112e-05
0
0
0
0
0
0
0
0
0.0002395006291875318
0.0011225068740602657
0.00040854102064186826
0
0
0
0
0.000699351512879824
5.055539641859365e-06
0
1.5496611853089067e-05
0
0
0
0
0
0.0008011449008009266
0
0
5.2928983405455354e-05
0
0
0
0
0
0
7.701924412624248e-05
0
0
0
0.00030702270669713105
0
0
0
0
0
0
0
0
0
0
0
0
0
0
0
0
0
0.0004268909885119861
0
0
0
0
0
4.625818615773001e-05
0
7.746424181049728e-06
0
0.0005410811933869264
0
0
0
0.0008095683250179041
0
9.713603275900377e-05
0
0
0
0
6.535745985172961e-06
0.00012449935128009087
0
0.002237819569585405
0
0
0
0
6.933315044216657e-05
0
0.0004742478604516905
0
0
0
0
0
0
9.440446154638777e-07
0.000568070194714439
0
0
1.7132661539900004e-06
5.597792636349559e-05
9.791427321101812e-05
0
0
0
0
0
0
1.5491673801781454e-05
0
0.0002966755832043169
0.00015810533270810284
5.139798461970001e-05
5.139798461970001e-06
0
0
0
0
0
0.0007509544824996612
0
0
0
0
0
0
0.0015313212494795169
0
0
0
0.0014154313312173894
0.0004312702638701508
1.7132661539900004e-06
0.0005480827315001291
0
0.00038801776544987037
0
0
0
0.00014491383804279262
0
0
0
0
0.0002827245002091806
0.0004185535768964585
0
0
0
0
0.00038417820940092297
4.8903240814751606e-05
0.0005227738336579467
0
0
0
0
0
0.0018035422894627246
6.535745985172961e-06
0
0
0
0.00041355140795847
0
0
0
0
0
0
0
0.00016372671931676517
0
0
0
0
0
0
1.8746377295162147e-05
0
0
0.0016299979474954803
0
0
0.0005013012001514254
0
0.00036252691946817955
0
0
0
0
0.000613426645303994
1.9384938402418796e-05
0
0
0
5.7291702537820356e-05
0
0
1.5419395385910004e-06
0
0.0004733091033400327
0
0
0
0.00041188376571343286
0
0
0
0
0
0.0003551410294373669
0
0
0
0
0
0
0
0
0.0004808621734797069
0
0
0
0
0
0
0.0012517615745249778
0.00036977945499011247
0.00034564972117775365
0
0
0
0
3.966987051406345e-05
6.608312308247144e-06
0
0
0
0.00026506566167138894
0.00020872510827946755
0.0002671197542624114
0
0
0
0
0
0
0
0.00037724877776165256
0
0
0.0003306113002034249
0
0
0
0
0
1.3224996633776697e-06
0
0
0
0
0
0
0.0006682045820587021
0
0
0
0.00017501994537315622
0
0
0
0
0
0
0
0
0
0.0006259281056217522
0
0
5.092643399002118e-06
0
4.868894408842348e-05
0
0
5.4543886146122175e-05
0
0
0
0
0
0.00023039963778028144
0.00014553870163419396
0.0005154763553576576
0.000674330331461023
0
0
0.0001953825040490586
0
0
0
0
0
6.600045278504949e-05
0
0
0
0.00010469770757678219
0
0
0.0004909939582118824
0
0
0
0
0.000272186336643761
0.0004084994887171413
7.127299204725072e-05
0.0005686591873917893
0.001081416711402387
0
0
0.00048603755669862853
0
0.0010098697200528718
0
0
4.625818615773001e-05
0
0
0
0.00032102480844848583
0
0.00034504390836139284
1.005612742559348e-06
0
0
0.0001672246426688481
0
0
0
0
0
0
0
0
0.0004961436588466075
0
0
0
0.0007545365541299743
0
0
0
0.0005749917059428313
4.555637186813251e-05
0
0
0
0
0
0
0
0
0.0012274672720812257
0
0
0.00017465775478119947
4.625818615773001e-05
0
0
0
0.00019344586911980167
0
0
0
0
0
4.625818615773001e-05
0
0
0
6.31699977771631e-05
0
0
0
1.5117054299911766e-07
0.0005269565766315034
0
0
0
0.0006164466499694685
0
0
0.00012331577946841056
0.000174087794476977
0
1.9994275814981333e-05
0
0
0
0.0008116595207644094
3.7430651165380932e-06
0
0
0
0.0009460722989874068
0.00026141591797026076
0
0
0
0.001093121344365923
0
0
0
0
0
0
0
0
0
1.3154675925453061e-05
0
0
0
0.0006138790040618191
0
0.00039108960074138796
0
0
0
0
0
0
0
0
0
0
0
0
0
0
0.0003394473345006365
0
0
0.0007796294191158838
0
0
0.0018494575755416247
0.00028281199586916355
0
0.00032518259789501245
0
0.0004640160303759541
0
0.0004959775038718788
0
0
0
0
0
0.00024080812666746386
0
0.0015370191465940782
0
0
0
0
0
0
0
0
0
0.00028884074535138706
0
0
0
0
0
0
0
0
0
0
0
0
0.00022019367136398517
0
0
0
0
0
0
7.50481590927653e-05
0.0001548125109460919
4.3578939082284005e-06
0.0004934252860418488
0
0
1.2516320324914956e-05
0
0
0
0
0.0002890151297451631
0.0007858402648378135
0
0
0.00041152558735097665
0.0008283881636244229
0.00015972056470477447
0.0008797927783708618
0
0
0
0
0
0
0
0
0.00041095646078921535
0
0.0003316675496767321
0
0.00015491496987481636
2.029798962548093e-06
0
0
0
0
0.00020989594209249108
0
1.3006166265413377e-05
0
0.0004599326889249308
0
0
0.0007681772025233102
0.0015918608288446531
0
1.2210631309989184e-05
0
0
0
0
0
0
0
0
0
0
0
0
0
0
0.0004473515441849901
0
0
0
0
0
0
0
0
0
0
0
0
0
9.2021139264781e-06
0
0
0
0
0
0
0.0015848527380265248
9.922571044558887e-05
4.8287985120278104e-05
0
0
0
0.00040410967560743967
0
0
0
0
0
0
0.0001981429779114088
0
0
0
0
0
0
0
0
0
0
0
0
0
0
0
0
0
0
0
0
0
0
0
0
0
0.00026748985971765247
0
0
0
4.673560180929097e-06
0
0
0
0.00020950292283527703
0.0007577861415096371
6.620833562272418e-06
0
0.00023606853854956814
7.783644504992147e-06
0
0
0
0
0
0.0002769619556298481
0
0
0.00032492898518436317
0
0.00041289102284095756
0
7.117080471400498e-06
0
0
0
0
0
0
0
0
0
0.00015738279324580478
0
0
0.00042087214627241354
0.0010873813908761597
0
0.0009673496204376793
0
0.0003727516021560041
1.760310226104713e-05
0
0
6.799373148888616e-06
2.860679168534634e-05
0.0003211493533782244
0.0005611362412337376
0
0
0.0008041203026576294
0
0
0
0
0
0
0.00011081812036401954
0
0
0
0
0
0
0.0004943577913284846
0.0011767303131946783
0
0.00027411652946708517
0.0006854434907311644
0
0
0
7.174307092429613e-06
0
0
0.0006067901874177252
0
0
0
2.029798962548093e-06
7.934815047991266e-06
1.639493243413642e-05
0
0
0
0
0
0
0
0
0.0006984447650668726
5.7069624407767196e-05
0
0
0.0005068244081436868
0
0
0.00010381593256008828
0
0
0
0
0
0.0005642891392229372
0.000463074485362573
0
0
0.0013449374415515814
0
0
0.0002629312679315475
0
0
0
0
0
0
0
0
0.0004193745051220583
0
0
0.0005357858642832914
0
0
0
0.0004992047071827141
0
0.00039844480554396494
0
0
0.00047158030861806994
0
0
0
0
2.2988128142144306e-06
0
0
0
0
0.0003555888037303501
0
0.001394844732999294
0
0
0
0.0005184397623512948
7.280528607140889e-05
1.5419395385910003e-05
0
0
0
0.0002832752632638142
0
0
0
0.000488126536353469
0.0002557450537187795
0
0
0
0
0
0.00023496096040260004
0
0
0
0
0.0005948267693302411
0
0
0
0
0
0
0
0
0.00010202309231925618
0
0.0008873756118937516
0.0003694119148061868
0
0
0.0003750371186685928
0
0
0
0
0
0.00041810916040455916
0.0004257110704263103
0
0
0
0
0
0
0
0
0
0.00042418697835723654
0.0005584551646660636
0
0
0
0.0005142689432395774
0
9.2021139264781e-06
0.000925670322395286
0
0
0.00019361049512778804
0
0
0
0
0
0.00040970949882265843
0
0
0.0012134203606675232
9.251637231546002e-05
0
0.0005420105791734126
0
0.00029173329968853405
0
0
0
0
0.00012579641062382383
0.00016319031581420315
0
0
0
0
0
4.625818615773001e-05
0.002023813513738428
4.625818615773001e-05
9.2021139264781e-06
0
0.0005547172984815177
0.0002640289555241663
0
0
0
0
0.00040604218842778934
0
0
0
0
0
0
0
0
0
0.00011145823530692953
0
0.0007140499083880309
0.0005455426191964835
0
0
0
0.0003007276854038691
0
0
0
0.0005506141439803417
2.011225485118696e-06
0.0001394823336657642
0
3.9835940104310215e-05
1.9194761898111373e-05
1.508829795223872e-05
0
0
0
0
0
0
0
0.000501731883604894
0
6.179398214370306e-05
0
6.194041569104133e-06
0.00013363047258317036
0
0
0
0
0.000359178939310323
0
0
0
0.000253598519056236
0
0
0
0
1.0365834107983842e-05
0
0
0.00030822332498473416
0
0
0
0
0
1.2173546259792437e-05
0
0
0
1.532189918582828e-05
0
0
0
0
0
0.0004209010042868657
0
0
0.0005397613075984315
0
0
0
0.0002546697835917768
0
0
0
0
0
0.00020836798900425796
7.199302601155608e-06
0
0
0
0
0
0
0
0.0013280566294674708
0
8.24407289975209e-06
0
0.0022908746358328807
0
4.625818615773001e-05
0.00010857102832539089
0
4.6438179099977983e-05
0
0
0.00017079116535090967
0
0.0006692132203665658
1.5682229533311323e-06
0
0
0
0.0003019551817569007
0
0.0004885603967993567
0
0.00025850538803413403
0
0.00022559307727525884
0
0.0007616644657368472
0
0
0
0.0005425549615278602
0.00038827803173284545
0.0003300854386090004
0
0
0.00012217116498960677
0.0012896377357859419
0
0
0
0.00038449895853670687
0.0002618043804232414
0.00038155992987310035
0
0
0
0
0
0
0
0
0.0006760286452758483
0
0.0005058817970781738
0
0.0014309791736052194
0
0
0.00010300896624504845
0
0
0
0
0
0
8.613942252040534e-06
7.24721023790384e-05
0
0
0
0.0002502423719736946
0
0
0.00027605183550045477
0
0.00010772956075147375
0
9.019324232031875e-06
6.608312308247144e-06
0
0
0
0
0
0
0
0
0
0.0010064974818482348
0
0
0.00031228332748456855
0
0.0004887949796927765
0
0
0
0
0
0
2.6051036858683455e-05
0
0
0.0013054382228928844
0
0.0004723983664804846
0
0
0
0
0
0
0
8.198166927842372e-05
0
0
0.001128138755478854
0
0
0
0.000194974694991795
0
0
0
0
0
0
0
0.0001346821964892499
0
0.00021051011532919673
0
0
0
3.4693967500981296e-05
0
0
0.0006963334982589684
0
0
0
0
0
0.0010679205640342093
0
0
0
0
0
0
0
0.0001752068647979137
0
0
0
2.391567560558119e-05
0
0.0004960484108824028
0
0.00018203742308292023
0
1.4609767880544656e-05
8.71531043551435e-06
0
0.00017988253894946147
4.06643363079151e-05
2.252504121478312e-05
9.403386084189787e-05
4.728422292062153e-06
0
0
0
0
0
0.00014576284417375425
0.00024363003692973165
8.952612521594872e-06
0
0
0
0
0
0
0
9.2021139264781e-06
1.8629235695805142e-05
0
0
0
0.0006245048212405318
0
0
0
4.625818615773001e-05
0.0005046239383565033
0.000381922075389846
0.0005338961242293813
0
0
0
0
0
0.0009329072261816459
0
0
0.000601734320974893
0.00030822332498473416
0
0
0
9.44015044391235e-06
0
0
0
0
0
0
0
0.0008481656805145166
0
0
0
0.00019479184123836032
0
0
0
0
0.0002662397495937703
0
0.00019048957166604462
0.00014858535329861385
0.0003818924984703776
0
0.0005344044382712292
0
0
0
0
0
0
0
0.0002264693375688782
0
5.124584202671224e-05
1.217320688361316e-06
0.000558289619757643
0
0
0
0
0
4.625818615773001e-05
0
0
0
0
2.2326918403209716e-05
0.0004997696282267285
0
0.0004123417807222542
0.00022769300870966879
0.0003448293044844252
0
0
4.689573920348579e-05
0
0
0
0
0
0.00021649015684812955
0
0
0
0.0003171448347133162
0.00044470201396300875
0.0009462697892773437
4.6330464573601463e-05
0.00019385246098157214
0
0.00044878000654747184
0
0.0006391530972611095
0.0001291306039357786
0
6.049014145452906e-06
0
0.00018470304133294416
0.0004240004762991834
0
0.0006621016391823939
0
0
0.00018648894863410097
0.0006251547943195106
0.0005015148947172984
0
0
0.0005711919019803595
0
0.00018349925939160162
0.0002997418063557109
0.0004165442724517425
0.00047326901504338663
9.440446154638777e-07
0
0
0.0001652723392058517
0
0.00012465135527647944
0.00030822332498473416
0.0008296771699782943
0
0
0.00031344648949808415
0
0.0003668270412602443
0.00011833767422384341
0
0
0
0
0
0
0
1.3940522554353872e-05
0
0
0.00017585355188970327
0
0
0
0.0007307931783797828
0.0005171814871070918
0
0
0
0
0
0
0
0
0
0.0006227599168426285
9.637122116193752e-07
0
0
0
0.00041421007471017715
0
0.00042139410636060886
0
0.0005111175957412662
0
0
0
0
0
0
0
0
0
0
0
0.00022664772109186603
0
0
0.0005452246462916408
0
0.0002529007861882528
0
0.00016235230404778922
0.00012894994667302247
0
0
0.00027720335212738065
0
0
0
0
0
0
0
0
0.0005516789906606705
0
5.195787710273417e-05
0
0
0
0
0
0.0004421585977571903
0
0
0
1.083065570867882e-05
0
9.548785616637776e-05
1.2575255057967223e-05
0
6.526240912514316e-06
0
0
0
0
0
0
0
0
0
0
1.3141948428893312e-05
0
0
0.00018399896795707929
0
0
0.00027644748538101455
0
0.0003351292146572971
0.0003369718100312308
0
0.0008587068534077093
0.001577240781648003
0
0.00030822332498473416
0
0
0
0
0
0
0
0
3.296175100611196e-06
0
0.00015824514996501315
0
0
0
0.00022088755458655513
0
0
0.00040812652843268826
0
0
0
0
0
2.0650975963272325e-07
0
0.0003242551117719529
0.0009158155296454278
0
0
1.8595184240179693e-05
0
0
0
0
0
0
0
0
0
0.0012328932999389366
0
0
0
0
0
0
0
0
0
0
0
0
0
0
0
0
4.625818615773001e-05
0
0
1.5419395385910003e-05
0
0
0
8.68170577969507e-05
6.470755130210991e-06
0.00025052513834628623
0.00039184471619548955
0
4.625818615773001e-05
1.598979145537059e-06
0
0
1.034184261743281e-05
0
0
0
0
0
0
0
0
0.000827874929206309
0.001077125536857612
0
0
0
0
0
0
0
0
0
0
0
0
0
0
0
0.0005998149688694343
0
0.00029591263162487914
0
0
0
0.0008377668579470452
0
0
2.454524344392257e-05
1.895434981456342e-05
0
0.00011745820615721112
0
0
0.0001487150344815846
0.0003465338369186162
0
0
0
0
0
0
0
0
0
0
0
0
0
0
0
0
0
0
0
3.995738602680553e-05
0
0
0
0
0
0
0
0
0
0
0
0
0.00024084181505901664
0
0
0.0002977876789338673
0
0
0.00030822332498473416
2.3129093078865003e-06
0.00034912293693353563
0
0.0004703995859269442
0
4.3578939082284005e-06
0
0
0
0.00016076561127256698
0
0.0003558628877736696
0
0.00023659987856070565
0
0
0.00021702312514727712
0
0
0
0.0001720837954643334
1.0309723942314898e-06
0.000333746636242231
0
0
0
0
4.625818615773001e-05
1.3933188601725907e-07
0.0001700830219236871
0
0.0002444762464185768
0
0
0
0
0
0
0
0
0
0
0
0
0.0005411281437516038
0
0.0010244174974418036
2.8911366348581255e-06
0
0.00030514924935030657
0.0003947518474965264
5.576292895624857e-06
0
0
0
0
0
7.257048283965638e-05
0.000134081048473934
0
0
0
0.0007977583911218266
0.00041560996078311127
0.0010718760921739413
0
0
0
0.0013003281850527998
0.0004275903317451131
0
5.576292895624857e-06
0
0.0005239967450402615
0
0
0
0
0
0
0
0
0
0
0
0
0
0
0
0
0
0
0
0.0002568246488531063
0
0
0
0
0
0
0
0
0.00037828160321752867
0.00030822332498473416
0
2.335947038153798e-05
0
8.25178491486862e-06
0
0
0.000708483857352671
0
0
0.000555028212230545
4.477078490414386e-06
0.00019069446962811237
0
0.00015326565862570332
0
0
0
0.000352469897498322
0.00033750503168726115
0
0
0.0002319118528961662
0.00043894344078146316
0
0
0
0
0
0
0
0
0
0
0
0
0
0.0007980556647346883
0
0
0
5.139798461970001e-07
5.576292895624857e-06
0
0
0
0
0
0
4.8350494480159594e-05
2.3941661860228658e-05
0
0
0
0
0.0004683216523343025
0
0
0
0
0
0
0
0
4.7046508368610056e-05
0
0
0
0
0.0007838055613338617
0
0.0003656901499120149
0
0.00017385461654860146
0
0.0001629702243648319
0
0.0002736798568487299
0
0
0
0
0
1.5993071301701936e-05
0
0
0
0
0
0
0
0
0
0
0.0004224745066026168
0
0
0
0
0.00018337743082259546
8.26039038530893e-07
4.617957325850191e-06
0
0
0
0
0
0
0
0
0
0
0
0
0
0
0.00012855732882637228
5.038602971123208e-05
0.0002841041742847172
0.0008695319374844987
0.0006141671649072466
0
0
0.00026851166428789176
6.701891652754005e-05
0.00012301527191376426
1.4436015578135131e-05
0
0
0
0
0.0003474978943538402
0
0
0
0
0
0
0
0
0
9.280765304161153e-05
9.07873677660034e-06
0
0.00015262486157369647
0.00015942190218108155
0.0001584553625032955
0
0.0002701975271737184
0.0004981774278093404
0
0
0
0
0
2.232166367334395e-06
0
0
0
0
0
0.00023704285137028728
0
0
0
0
0.0006867949695627023
0
0
0
0.0003357642157915275
0
0
0
6.657564644237594e-05
0
0.00012701593813311846
0
0.003671751448442754
0
0
0
0
0
0
0
0
0
0
0
0
0
0
0
0
0
0
8.618913376437907e-06
2.3775496275511065e-05
0.0008863768405704774
0
2.5698992309850003e-06
0
0
0
0
0
0
0
0
0
1.217320688361316e-06
0
4.625818615773001e-05
0
0
0
0
0.00029459383472512854
7.850866663246668e-05
0
0
0
5.452579692048212e-05
4.625818615773001e-05
0
0
0.0001817055639141137
0
0.00017511710455859385
0.0006573966630651821
0
0
0
0.00029998853069873984
2.5698992309850003e-06
2.0650975963272325e-07
0.00014940327995619174
0
0
0
0
0
0
0
0
0
0.00018559053237288277
0.00029237879803475475
0.0004360214589116488
0
0
0
0
0
0
7.171262299772568e-06
0
1.5970048664660454e-05
0
0.00020336110244509233
0
0
0
6.837336356332952e-06
0.0005917525745242462
0
2.3798808981119007e-05
0
0.0017222909996625427
0
5.888088187875167e-07
0
0.0007334144760347424
0
0
0.00024143796937326568
0.001344053615336046
0
5.3167800929934416e-05
0.00024315667604330674
0.0006063277280860395
0
0
0
0
0
0
0
0
6.98129755234756e-05
0
2.3129093078865004e-05
3.822990591547935e-07
0
4.972192181357125e-05
0
0
0
0
0
0
0
0
0
0
0
0.0020164016182060525
0.0008158346512152695
0
0
0
0
5.973787379832358e-05
0
0
0
0
0
0
0
0
0.0001495641733552095
0
0
0.00028069338372293455
0
0.0002503711831322604
0
0
0
0
0
0
0
0.000517756777453824
0
0.00012293786007998276
0.00045154332038455824
0
0
0
0
0
0
0
0
0
2.2287120865814507e-05
7.705119915120316e-06
0
0
0.0002339853513764092
0
0
0.00017928968367117012
0
0
0
0.0006468955842635039
0
0
0
0
0
0.0008093935260898167
0.0010111247534153765
0
0
0
0.00032014548369751485
0
0
1.321662461649429e-06
0.00011195670853245712
0
0
0
0.0004084091618171987
8.880892653242896e-06
0.00041343747916915824
0
0
1.1108059211029754e-05
0
2.335978765806425e-05
0
7.654221915640681e-05
0.0023192513683616247
0.00011622603286524271
0
0
8.625641729509226e-05
0
0.0004081651627626471
0
0
0
0
0
0
0
0
0
0
0.0002832915445918228
0.00041407882085165197
0.0005179695436412296
6.038524973943108e-06
0
0
0
0
0.00013292168170381992
0.0001249989421599225
0
0
4.625818615773001e-05
0
0
0
0
0
0
0
0.0003804577972823738
0
0
0
0
0
0
0.0005082311423709706
0
0
0
0
0
0
0
0
0.0010272188990802671
0
9.251637231546002e-05
0
0
0
0
0
0
0
0
4.625818615773001e-05
0
0
0
0
9.823626735216604e-05
0
5.550982338927601e-05
0
0
0
0
0.00020475012356359638
0
0
0.00010025511022402698
0.0004569083533145371
0
0.00023096257387676016
0
0
0
0.00010864562526367919
3.822990591547935e-07
0
0
0.0005488665485099073
0
0
0
0.00021973621964455834
1.5014977754664238e-05
0
0
0
0
0
0
0.00016873014377888118
0
0
0.0018238971954230689
0.00011942757318521437
0
0
0
0
0
0.0002765912856090543
0
0
0
0.00043168993458126114
0
0
0
0
0
0
0.0008901155145421333
0.0003938503412354418
0
0.0002652121075738596
6.237291657975328e-05
0
0
0
0
0
0
0
0
0
0.0007849892851686442
0
0
0
0
0
0
0
0.0002637034641991776
0.0004185474900498306
0
2.41811080402738e-05
2.0650975963272325e-07
0
0
0
0
0
0
0
0
6.916797704240271e-06
0
0
0
0.0003636423617633599
0
0
0
0
0
0
0
0
0
0
0
0
0
0
4.439544656536166e-05
9.986655287663669e-06
0
0
0
0
0
0
0
0
6.1456041085674834e-06
0
0
0
0
0
0
0.0010451111204103376
0
0
0
0
0
0
0.000268290582539412
0
0
0
0
0
0
0
0.0004726803021208154
0
0
0
0.00025056288153414024
0.0004323428138898768
0
0
0
0
0
0
0
0
0
4.677778306830587e-05
0
4.673560180929097e-06
0
0
0
0
0
0
0
0
0.00040695073482149293
0
0.00043507994929954425
0.00040501752408948847
0
0
0
0
0
0
0
0
0
0.00015428222899234383
1.8629235695805142e-05
0
0
0
0.0006855069952786926
0
2.7515692393301844e-06
0
2.9832155354563837e-06
2.3129093078865004e-05
0
0
3.891561692634429e-06
0
0
0
0
0
0
0
0
0.0001016114269488229
0
0
0
0
0
0
0
0.0002869868437573938
0
0
0
0
0
0
5.912209903292944e-06
0
0
0
0.00019592256417365637
0
0
0.0003779364372682743
0
0
0.00042807130855615196
0
0
0.00023413562567758045
0
0.00022466565590102146
0
0.00034063066344619997
0
1.8131244047927835e-05
0
3.726799653172707e-06
0.0003077239493545536
0
0
0
0
0
0
0
0
0.0008834469995560716
0
0
0
0
0
0
0
0.0001735913131095599
1.854640855419317e-05
0
0
0
8.420286083322134e-06
0
0.0001465630860378595
0.0003359273839657533
0
0
0
0
3.3786859921865094e-06
0.0003313538472374841
0
0
0
0
0
0
0
0
0
0
0
0
0
0
0
0
0
0.0006820021563764231
0
0
0
0
0
0
0
0
2.3808376704832075e-05
8.26039038530893e-07
0
0
0
4.625818615773001e-05
0.00013450498522317688
8.26039038530893e-07
0
0
0
0
0
0.00048407121941277986
0
0.00014694901054025764
0
0
0.00011733187408857304
0
2.1207368982335152e-06
0
0
0
0
0
0
0.0002857421457662451
0
0
0
0
0.00012436697401830231
0
0
0.002126582061597924
0
3.5648999849606026e-06
0.00028695565800234367
0
0
0
2.3129093078865004e-05
0
0
1.7132661539900004e-06
0
0
0
0
0
0.0007111050008303509
4.486475046622347e-06
0
0
0
0
0
0
7.97511678128338e-06
0
0
0
0
0
0
0
0
0.00025805565489649547
0.0017091776119611576
0.00030822332498473416
0
0.0005164132204261672
0
0
0
0.002212505251559092
0
0
2.434641376722632e-06
0
0
0.0003448388548660915
3.783805784259941e-05
0
0.0006020016354651213
0
0.0004198584453339619
1.7720428604709493e-05
1.2502212475062165e-06
0
0
0
0.0004484713478831188
0
0
0
2.5767159398205045e-06
1.3207686723437099e-06
3.726799653172707e-06
0
1.5419395385910003e-05
2.5088498525971783e-05
0
0
0
0
0
0.0002845433879550584
0
0
0
1.2061465597747702e-05
0
0.0002427728280205219
0.0001251265612832762
0
0
0
0.0006053854002914976
1.6117385231136102e-05
0
0
0
0
0.00034939507354200605
0
0
0
0
0
0.00023203888038828658
0
0
0
2.3129093078865004e-05
0
0
0
1.2438919370321052e-05
0
0
0
0
0
0
0
0
0
0
0
0
0
0.0004850000750482353
0
0
0
0
0
0.0004961297815935615
8.26039038530893e-07
0
0
0
0
0
0
0
0
0
0
0
0.0002604898962872372
0
0
0
0
0
0.00025676015688680056
0
0
7.225752786850607e-06
0
0.00024519726701979034
8.26039038530893e-07
0
0
0
0.000495225966664403
0
0
0.0012070529234838774
0.00022419541548688614
0
0.00034037233583760016
0
0
1.2502212475062165e-06
0
0
0
0
0
0
0
0.0004838544529583899
0
0.00037407838007033915
0
0.00036631559506144893
0
0
0
0
0
0
0
0
0
0
0.0003914887048817666
0
8.26039038530893e-07
0.0007195607375366272
0
0.0009458700524031265
0
0
0
0
0
0
0
0.0004883212876558504
0
4.183653573540139e-05
0
0
0
0.0002508486802303912
0.0008674623799391583
0
0
0
0
0
0
0
0.0010547709659050116
0
0
0
0
1.7403728461802893e-06
0
0
0
0
0
0
0
0
0.0009475586133828839
0.000608896357370391
0
0.0005283261270382937
0
0
0
0
0
7.960273817673629e-05
0
0
0.00014726023665653958
0
0.000489410368554421
0
0
0
0
0
0
0
0
0
0
0
0
0
0
0.0001984795083475386
0
0
0
8.26039038530893e-07
0
0
0
0
0
0
0.0010860803625803923
0
0.0002474502033522226
0
0
0
0
4.625818615773001e-05
0
0
0
0
0.00039118048054016927
0
0
4.625818615773001e-05
0
0.0003271788207846017
0
8.26039038530893e-07
8.26039038530893e-07
0
0
0
0
0.00030481082174436215
0
0
0
0
0
0
8.26039038530893e-07
0
0
5.74369181452615e-06
0
4.625818615773001e-05
0
0
9.454206960971985e-05
0
0
0.001262237711329375
0.0002127685978617375
0
0
0
0
0
0
0.0003109088687630157
0
0
0
0
0
0
0
0
0
0
0
0
0
0
0
0
0.0001990664975169142
0
4.625818615773001e-05
0
3.854848846477501e-06
0
0
0.00024904672457745305
0
0
0
0
0
0
0
0
0
0
0
0
0
0
0
0
0
0
0
0
0
0
0
0
0
0
0
0.0006904855392018543
6.172720486744918e-05
0.00012298381329333896
0.00023100666993399548
1.799929422479767e-07
0
0.000435923139587844
0
0
0
0
0.00013555283649408585
0
6.129297898760833e-05
0
0
0
0
0
0
0
0.0010285372582144981
0
0
0.000265644970808022
2.2585739373106317e-05
0
0
0
0
0.0007844263264601125
0
0.000463430228521109
0
0
0
0
0
0
0
0
0.0007214855895301336
0
0
0
0
0
0.00021709133698264528
0
0
0
3.822990591547935e-07
0
0.00017080930133648304
0
0.0006137548446750707
0
0
0
0
0.00028102261922776327
0
0
0.0001755999960446965
7.227841587145314e-08
0
0
0
0
1.5419395385910004e-06
0
0.00021023114456706986
0
0
0
0
3.304156154123572e-06
0
7.270583651728337e-05
0
0
0
0
0
0
0
0
0
5.321474317055251e-06
0
0
0
0
0
0
0
4.494809110116303e-05
6.612425005451689e-06
1.5454608158578e-05
0.00017729189461945894
0.00013300645542159737
1.0796686572329538e-05
6.310803022882675e-08
0.00036503851824295754
4.625818615773001e-05
6.873913817773816e-06
0.00043730255505940977
0.0002079748424547183
0.0001511357952755752
0.001098857195665115
0.0005093086590581323
0.00048118109711414936
0.00014610094376041148
