0.0001246027437086747
0
0
0.00022354432480557946
0
0.0002175172212033521
0
0
0
0
0
0
0.0030439089435639445
0
0
0
8.060213918979988e-05
0
0
0
0.00011011177906265132
0
0
0
0
0.001285783976319263
0.00013709044781582522
0.00013099528920194003
0
6.314489548322909e-05
0
4.276292103688021e-05
0.000822826166343681
0.00010509759366694023
0
0.00011156288719993907
0.00018522023598451512
0
0
0
0
0
0
0
0
0
0.0003254652276048376
0.00021347031670381817
0
0
0
0.0002788058667773857
0.0009856856499055899
0.0008419241953637953
0
0
0
0
0.00017048476407160963
0
0
0
0
0
0
0
0
0.0003798197659053604
0
0
0.0005523411353977123
0
0
0
0
0.00022230389947562604
0
0
0.0010485632770677786
0
7.048977931460376e-05
0
0
0
0
2.9839160481745948e-05
0
0
0
0
0
0
0
0
0.0002771894003917757
0
0
5.4124537172303674e-05
0
0
0
0
0
0
0
0
0
0
3.525753067527211e-05
0
0
0
0.00013617702091648205
0
0.00030433720159431016
0
0
0
0.00010391295797630686
0
0
0
0
5.254966643950614e-05
0.0002228011858915946
0.0005072072421770389
4.897927347910368e-05
6.532106040153225e-05
0.00024399011550695044
0
0
0
0
0
3.0233741458786848e-05
0
0
0
3.213179288522759e-06
9.14276784702405e-05
0
0.0002638039621693313
0
0
5.287379120642153e-05
0
0
0.0002646084519349271
0
0
0
0.00011877632762425633
7.445133532085518e-05
0
0
0
0
0
0
8.435291152964207e-05
0
0
0
0
0
0
0
0.0005709060560894777
0
0
0
0
0
0.0008981547408015556
0
7.493842780361588e-05
0
0
9.76117934753316e-05
0
0
0
5.7125987725762027e-05
0
7.271215608491682e-05
0.0002401126733739781
0.00016610451645537457
0.0004157038689282811
0
0.0001563009363897486
0
0
0
9.422191628091336e-05
0
0
0
0
0
0
0.0006427998978192187
0
0
2.5170321016058528e-05
0
0
0.0006587172331061667
0
0.00012729547333909067
0
0
0.00012776524380613756
0
0.0001257727585534746
5.357675494753092e-05
0.0004654771006244553
0
7.921161609419344e-05
0
0
0
0
0
0
0
0
0.0015687822877376186
3.4245408804502235e-05
4.134577830674309e-05
0
0
0.00015851702776632684
0.0007973456380015696
0
0
9.669480964875343e-05
8.456933711939503e-05
0.0005779203457945583
1.0166637962695513e-05
0
0
0
0
0.00022030533743761438
0.0007827148514398143
5.805227678501199e-05
4.4987761087912875e-05
9.423431361973584e-06
0
0.00020192292017459616
0
4.884048183530229e-05
0
0.0001758779065281258
0
0.00028731442411620715
0.00020603708669757474
0
0.0002534270803997756
4.268798021158644e-05
0
0
0.0001553177661267552
0
5.631199071767719e-05
0
0.00015827457812381393
0.0002395811062084828
0
4.757439861484084e-06
0.00016872355374319164
0
0
0
0
0
0.00029700809852221906
0
0.00027528829901247683
0
0
0
4.323363758106036e-05
8.470628706911366e-05
0
4.31402826849828e-05
0
0
0
0
0.00015110960165736612
0
0.00014945800507372257
2.9663190925020484e-05
0.0002696652785236157
0
0
0
0.00034266546273919616
0
5.4700796919459196e-05
6.029791429403881e-06
0.00019992775308375055
0.00024783171150329157
0
0
0
0
6.608314675752084e-06
0.00026273305272027706
0.00026701610837326123
0.00019395556749993436
0.0001991861526715827
0
0
0
0.0001508824590405448
3.9392188350445536e-05
5.854756146140572e-05
0
0
0
0
0
0
0
8.167809159610096e-06
3.0370405871854492e-05
0.00021111595852929137
1.9846666868528124e-05
0
0.00016673273845883922
0
7.576206542781669e-05
0
0
0
0
0
0.0005098182802425238
0.00021075921796261934
0
0.00016224893994039335
2.5186546185355843e-05
0.0008713937523323068
0
0
0
0
0
0
0
0.00038823301713588275
0
0.0007504516790721694
0
1.7730266033218124e-05
2.0591930665328887e-05
0.00012393171195770053
0
0
0.00018526653676993082
0
7.089080399849501e-05
9.347727670543108e-05
6.598584574288218e-05
0
0.00013717049131062761
0.00027046859468318074
0.0001107624799778524
0
0.00010072361245397514
0
0
0
0.0004864459346999912
9.481350415999236e-05
0
0
0
0
0
7.077825293816472e-05
0
0
0
0
0
0
0
0
0
0
0.0005714395610385998
0
0
0
0
0
6.411224588931408e-05
0
7.05498118338563e-05
0
0
0
0
0
0
0
0
0
0
0
0
1.7443748809630003e-05
0
0
0
8.95630696926693e-05
3.8094708799377486e-05
0
0.00021710534163169693
0
0
0
0
0
0.00022713565851816009
0
0
0
0
0
0
3.611810084993796e-05
0
0
0
0
0
0
0.00047920342568251776
0
0
0
0.0006360937887232267
0
0
0
3.6472813691170153e-05
0
0
0
0
0.00032568472215977785
0.00044554790767833166
0
0
0
5.315523988314938e-05
4.6258202730264586e-05
4.216210591798125e-05
0.0003230321669814551
0
0
0
0
0
0
0
1.9390728180900227e-05
0
0
0
0.0004035101786757986
0
6.701560675500728e-05
0
0
0.0001937776654148689
0
2.8049726847309488e-05
0.0001114384956319641
0
0.0001866523275352836
0.00015603013665288048
0
7.361583952363908e-05
0
0
0
0
0
0
0.0008299370751073397
8.75511515545134e-06
0
0.00013714195327328195
0
2.2625072968899875e-05
8.820177948550952e-05
0.0005187211463489293
0.0002378922353768922
0.0001149910711293055
0
0.00014001326154206684
0
0
3.2392771602355087e-05
1.1501079406259646e-05
1.781655667687834e-06
4.405543117168056e-07
0
7.344102545671145e-05
4.098741105647901e-05
0
0.0005027132824405027
7.979908441355962e-05
8.555509287445124e-05
2.8685829095654287e-05
0
0.00030958649997424423
0
0
0.00015537734459831592
0.0005917182866599926
0
0
0
0
0
0.00012405380322623823
0.0008034125161414892
0
0
0.00015375119291095637
0
2.343016523617803e-05
0
0
0
0
0.00038054297772777606
4.9342386650664586e-05
9.239579948824012e-05
0.00018884682318335555
0
0
0.0002809495692731787
0.00011321896700910652
0.0015586426826687187
0
0.00041285908676184024
1.7385054527239458e-05
7.660185133074938e-06
0
0.00021007945947352548
3.774738844227934e-05
6.625088142453336e-05
0.00042918767547392824
0
3.435102019941032e-05
5.87947506579833e-05
4.8979264736463735e-05
7.105050874799362e-05
0
0
0
8.137770416575903e-05
0
0
4.6258202730264586e-05
0
0.0003201027361501682
0.00026824896333207634
0
0
2.657800988768658e-05
0
0
0.000250158664333251
2.001994405108205e-05
5.073255963120274e-05
7.673827695542391e-05
0
0.00017832257837451968
0
0
4.6258202730264586e-05
0.000342127881371604
0
2.0103583903342683e-05
0
0.0002570068454749494
0
0.0001916075837413496
0.00014892522016931488
0
7.096130830042526e-05
0
0
0
0
0.00015789278947790503
0
0
0.00028667977143820615
0
0
0
0.002089413085720997
0
0.0004953663777073831
1.6440633827628355e-06
0.00017411096766024962
3.688011309482915e-05
1.1690701478924796e-05
0
0.00015663095891086453
8.640657356420988e-05
0.00016663478568098493
0.00019759263450116357
0
0
0
0.000488657799337121
0
0
0.0003151225675118044
0.00023772952221159967
0.0018270990210844762
0.00030332153809082315
0.00029867684488048746
0.0005854705296761259
0
0
0
0.0005362689911607664
0
0.00016736341719845402
0
0
0
0
0
2.0045221183114652e-05
1.935149516272498e-05
0
0
0
0
0.00015250127718617374
0
0
0
0
0.0004944289230766572
4.956031037056912e-06
0
2.693214341736203e-05
0.0002604150906447861
0.0001049398454595401
0
9.295695977224597e-05
0.00012541427422830772
0
0
0
0.0001481674242661928
0.00012169416625759622
0
0.0001708109706020759
0.00011776577278932604
0
0
3.2834226691226565e-05
0
0
0.00023382246094778348
0
0
0
0.0005279003796311134
0
0
5.709418426905891e-05
0
0.00016272163923304972
1.732859529549139e-05
0
0.0014302190891643733
7.65629628043663e-05
3.759956915442891e-05
0.00016331629152760402
0
0
0
7.106826143688251e-05
0.00012401813801362713
0.00020417605739182388
9.082065041407697e-05
0.0005837195949853339
0
0
0
0.00011618681711247946
0
0
0
8.513201578369051e-05
0
0
8.895808217358575e-07
0.00010902094814849034
0
0
0.0003462811966900377
0.000464889567822232
0.00026079162292357575
0
0.00010758918480788842
0
0.0005526592416783552
5.1601565111455375e-05
0
2.977420618485777e-05
0
0.0001117523326812711
0
0
0.00019459433031453207
0
6.358495563243242e-05
0
0
0.00017221001741734817
0
0
0.0001243724864575152
3.806182748315727e-05
0
3.558210133500701e-05
0
0.0002504089948299172
0
0
0
0
0
0.0003132697224674272
0.00025249776812359453
0.0006498686156605289
7.519496536501424e-05
0
0
0
0.00012372340366213243
0
0.00015510134119049813
0.00023879232272306305
0
0
0
0
0.00010230548416994414
0
0
0
0
9.602727552311304e-05
0
0
0
0.000830458544318832
0
0.0001722261994364913
1.0421078420049148e-05
0.00015810251675751582
0
0.00010877681475748345
0
2.8490282935544764e-06
0.0003497681039928422
6.586747845804334e-05
0.00036881209768525983
2.5429613776148566e-06
0
0.0008084636432905629
1.9385896926469848e-05
0.00010286370125448988
0
6.963521083047315e-05
0.000197957685900009
0.00013971500923786975
0.00011406049686183064
0
0
0
6.410014226541597e-05
7.496972160006458e-05
0
0.00020267685699455417
0.0004533318093276332
0.0002929350123488978
0
0
0.0001410236769034607
0
0.00017823121128096196
0.0003419878522970808
0.00014632590147978635
0
0
0.00013808991055903498
0.00019235053283793338
0
0.0008300774496683829
0.0001844490251937402
0
0.0002123795767003689
0.0004535638481167079
2.7632465845476054e-05
9.51505357060014e-05
0.00012888902842759695
0
0
0.00013899016930521112
0
0
0
0.00019951259770190592
0
0.00010794362619662973
0
0.001596841171354667
0.00010688913903878863
4.8730648539255464e-05
0
0
0.00012921507867325014
0.00022115264665441818
0
0
0
0
0
0.00020008154017569276
7.393896925784889e-05
0
0
0
0
0
0
0.0002590261681159697
0
0.00037504524230718876
0
0.00044338851656196965
0.00010822649445606072
8.601174289786797e-05
0
0.000864449523256742
0
0
4.6258202730264586e-05
4.38958097199896e-05
0.0005544377403408653
0.000156950331509724
0
0.00012477343353454375
0.0003900936811741767
0
6.757970188093686e-05
6.534058694265706e-05
0
0
0
0.00014359874601913806
0.0003913225152930247
0
0
0
0
0.0006835125894691847
0
0
0
0.0002229054817097675
6.64074751261372e-05
0
0
0
0.0001239801137227303
0.00039294997945428045
0
0
0
0
0
0
0
0
1.513644665679226e-05
0.00017171508696522383
0
0
0.0002736403306952434
0
0
0
0
0
0
0
0
0
0
3.8816383980431106e-06
0
0
0
0
0.00016038189381459083
0
0
1.918024164344618e-05
0
0
0.0005001514054916644
0
0
0.0005411586838897148
0
1.6222109385985816e-05
0
0
0.00024616602678977046
9.881278509117142e-05
0.0003341361304299867
0
0.00027906080856820146
3.46461842725225e-05
0
0
0.00018139006457030318
0
0
0
0
0.00011001605987010097
0
0
8.50505943916562e-05
5.164609300977236e-05
0
0
4.162091888856857e-05
0
0
0
0
0
0.0005030496610415496
9.342375636737705e-05
3.078400451607168e-05
0
0.000677922239372354
0.0005130046200030441
0
0.00029569586056673236
2.5075727419969142e-05
0.00029146591184817425
0.000446035492478225
0.0007982422570490283
0.0005172106931495257
4.135304446323417e-05
0
0
0
0
0
0
0
0
0
0
0
0
0.00021131240450756022
0.0018102875873601927
0
0
0
0.0002922622837536813
0.0002701090959985411
0.0003081942809729461
0.0007811447718421266
0
0
0.00011419284429526426
0
0
0.0005328394112969967
0.0003003876184870437
0.00042340618469730143
0
0.0002725195805812231
0
0
0
0
0
0
0
0.0011175267860359345
0
0
0
0
0
0.000157617127251117
0
6.845553193039107e-05
4.6057955390503306e-05
0.0001630205459718407
0
0
0
0
0
0
0
0.00018989615222606907
0
0
0
0.0003317093098439075
0
0.0001684849931828028
0
0
0.0003109413342698799
0.0001467997185010072
0
0.00017255282990697785
0
0
0
0.00031466606916877294
0.00022071543069828838
0.0002251207285753199
0
0.000292304752760487
0
0
0
0
0
8.203581883403611e-05
0
0.00020170405487145805
0
0
0.00048029467291107477
0
0
0
0
0
0
0.0002903101641981462
0
0.0003284637208016887
0
0
6.250351837319018e-05
0.0003484079218887208
0.00026493005105827043
0.00020993447094564506
0
0.0002914242885708434
0
0
0
0
0.0002815977869512081
0.0020816831136633777
0
4.0936462593154503e-07
0
0
0
0
0.00040381239173948794
0
0.000544776324348475
0
0
0.0008253561673617945
0
0
0
0.0002523402539175285
0
0
0
0.0005204118046251283
0
3.2233469496950426e-05
0.000282307770972839
0.00011483412008297525
0
0
7.801194884519557e-05
0
0
0.0003137722505783925
0
0
0
0
0
0
0
0
0
0
0
0
0
0
0
0
0
0
0
0.0004972230427602745
0.00019072860351110788
0
0
0
0.0006107763951314624
0
0
0.00030562433144549225
0
0
0
0
0
0.00010642751396333957
0
0.0004937417873844455
0.0001251931481547869
0
0.0001615236116474802
0.0003298242050902547
0
0
0
0.00018855867952134874
0
0.0005287551733824773
0.0005509593236590478
0
0
0
0.0001939633820388965
0.00029427738870849835
0
0
0.00019028775617465962
0.00020934599173416806
0
7.32475033318191e-05
0
0
0
0
0
0.0002966611658812061
0.0004970199948058554
0
0
0
0.00021886024422701863
0
0
0
0.00029778047363923654
0.0006345314972991121
0.00021220364952213578
0.0004394684652982462
9.511403526454835e-05
0.00016092967490915504
9.671773523584285e-05
0
0
0
0
0.00025914229467645275
0
0
0.00044271114345282686
0
0
0
8.388266052146065e-05
0
0
0
0.0006116694633751539
0
0.0002490594367314076
0
0.0001646142361680261
0.0003476494851284581
0
0.00027774312937032863
0
0.00025408380252606616
0
0
0
0
0
0
0.000763864659758631
0
0
0
0
0
0
0
0
0
0
0.0005373640777486196
0.0002910564314301412
0
0
0.0001012760296012088
0
0
0.00023473229453469782
0
0.0006644706084434138
0
0.00017390953552666983
4.727646505451569e-06
0
0
0.0003835491083162679
0
0.00039081178227006374
2.489869290580594e-05
1.779161643471715e-06
0.00016795036456543157
0.00036146033007111944
6.62146108773912e-05
0.0005894894590943952
4.62688644969622e-05
0
0
0.0004810993341985783
0.00042367802227910963
0.00032399807908150766
0
0
0.00016691824776131461
0
0
0
0
0.00015681892927818676
1.9772151923330097e-05
0
0
9.515859697364443e-05
0.0004528837721748755
0
0
0
0.00011456423739126284
0
0.00019270119244021403
0.0002855811822023706
0
0
0.00013682639540833847
0.0002337710721361269
0
0
0
0.00010421075694357106
6.310805283801444e-08
0.0003081942809729461
0.00022468540037955486
0
0
0.00012177214149141426
0.0005184903479770452
0
0
0
0.00023303796620603896
0.00019757861735134288
0.0002616469852988641
0.0015562738362537702
0.00022704901584373057
0
0
0
0
0.00014876004141984835
9.970489872981497e-05
8.727962779295205e-07
0
0
0
0
0.00016723384988232148
8.775002586886012e-05
0.0003473457466353229
0.00033345809200888073
0
3.3378111911501616e-05
0
0.0003418411598306858
0.00019107518019066683
0
0
0
0
0.0002598456621002276
0
0
7.956103575846011e-05
0
0.0006917349044989526
0.00014665455800452935
0
0
0
0
0.0002065180881535827
0.00047521750969438793
0
8.268499920536321e-05
0.00011959722842838488
5.07357448209025e-05
0
6.64062524646101e-05
0
0
0.00024998190485224156
6.538055431810977e-05
0
0
0
0.00038177704115432623
0
0.00014677316258250914
0
0
0.0001736262483726846
0
0
0
0
0.0001337891428702524
3.153825701533159e-05
0
0.00032817622556808115
0.00051008079951909
0
0
0
6.662157293347123e-05
5.4473926400878805e-05
0
0
0
0.0011292680911763476
0
0
0
0.0004611705239190486
0.0008143488628716019
0
0.00021017769398670526
0
0
0
0
0.0006191899948180443
0
0.00021342143369154675
6.127932860481717e-05
0
0
0.00013836303794246798
0.00016992557885454998
0.00019530164961007753
0
0
8.667035738532986e-06
0.00026387831335692233
0
0
0.0006045323461826143
8.309291238116778e-05
4.667122239749909e-05
0
0
0
0
8.261354581184527e-05
0
0
8.436920286754352e-05
0
0
0
0
7.802804565797382e-06
0.0002566209719039539
0.00022901825684459658
0
0
0
0
0
0
5.585062727752021e-05
0.0007062979351334487
2.6306893336231143e-05
0
0
0.000107262840518955
0
0
0
0
0.0005285197147277971
0
0
0.0004013109041738209
0.00045578040281083756
0
0
0.00048619631224576716
0.0003461592923872861
0.0001676589424861307
0
0
0
0
0
0
0.00014808892776352748
0
3.5530881180241203e-06
0.0007151423329044527
0.0002467477149758648
0
0
0
0
0.0006965175511969276
0
0
0.0010876283617312923
0.0006412124021438751
0.00010453061206829796
3.9835369914546586e-05
0.00010638012976989894
0.0005042725514288646
0
0
0
0
0
0
0
0
0.0005901449584829916
0
0.00028498482968169017
9.129166766877853e-05
0
0.00017480562918512207
0
8.668195566068713e-05
0
0.0011071773718392415
0
0
3.235167271794325e-05
0.00024398356863260362
0
0
0
0
0
0
0
0
0
6.352740551244489e-05
0.00042649591297721454
0.0003957919474261648
0.0001757832718590139
0
0.00016298924963168516
0
0.00010469305261380987
0.0003513534280589412
0
0.00022737890170213817
0
0
0.00026240540106137764
0.00025151592315797433
0
0
8.551038234686935e-05
0.00021483280540090074
5.400701845573625e-05
0
0
0
0
0.0002287262873024472
0.0003720429914539042
0
0.00033173800578526147
0
0
0.00011663099618268861
0
0
0.00043313171713555023
0
0
0.000471251978045171
0
0
0.0003141019785213741
0.00029477995609602175
1.5093280660762993e-05
0
0
0
0.0001635270352096985
0
0
0
0
0
0
0
0
8.401203499899765e-06
0
0.0005439651013342945
0.0005753170313853739
7.600931434499831e-05
0
0.001242934461085988
0
0
0
0.00045395651356853713
0.00014050635227265136
0.00029613866114953203
0.0009085378324379344
0
0.0001349574929013083
0.00017226528333214418
0.00047648722780885007
4.2786030720289526e-05
0
0.00017860777944267355
0.00010962044467651928
0
0
0
0
0
0
0
0
0
0
0
0
8.921596789188303e-05
0
0
0
1.403416137375043e-05
0
0
0
0.00046727535037385673
0
0
0
0
0.0006719207976542997
0
0
0
0
0
0
0.00012986130964969802
0
0.0002447159897616694
0
0
0
0.0005187090632524802
0
0
0
0
0
3.108856665525806e-05
0
0
0.0004606535928212333
0.0007334946457916571
7.502743549860406e-05
0
0
0
0
0
0
0.00028307651506944483
0
0
0
0
0
0
0
0.0001431314147823031
0
0
0
0
0
0
0
0
7.709700455044097e-06
0
0
0.0001862012821759128
0.0007354873116287862
0
0
0
1.779161643471715e-06
0
0.00037270795703194735
0.00024901864743738684
0.00022280362089459113
0.00042787626470910733
0
0
0.0002113480856112073
5.107190813053786e-07
0.00021178478211486144
0.0001333692535281647
0
0
0.00045853751379574935
0
8.456321858656855e-05
0
0
0.0008461739778597321
5.141940311653582e-05
6.108887742503669e-05
0.00015434131555504147
0
0.00013363170294437607
0
0
0.0005409681748745421
0.00010123150894801944
0.0005984166051858071
0
0
0
0
0.0002912184341552465
0
0.00032618898485621133
0
0.00013954001271281836
0
1.7930052529981896e-05
0
0
0
0
0
0
0.00027585662054526166
0
0.0003339474210964805
0
0
0
0
0
0
0
0
0
0
0
0
0
0
0
0
0
0
0
0
0
0
0
0
0
0
0
0
0
0.0001124281222778297
0
4.050590066998352e-05
0
0
0
0
6.016646401372869e-05
0
0.0004041089146017558
0
0
0
0.001945175684542418
0
0
0
0
0.00035346020041123903
5.725337161693769e-05
0.00024866267070504535
0.00024201058511716815
0
0.00032623052209135024
0
0
0
0
0.00020246233738887122
0
0
0
0
0
0.00016865917979656467
7.985046899867101e-06
0
0
0.0003337923218500339
0
8.385353163648684e-05
0
1.2476772352740165e-05
0.0003635039070573842
0
0
0
0.00015506811405151868
0
0.00011509921652628302
0
0
1.0679845845498034e-05
0
0.0007243080960019677
0
0.00018984978455541826
0.0008982389758010338
0
9.052074954367364e-05
0.0006401998090423839
1.2102310374529268e-06
0
0
0
0.00037591672163608846
4.956825292131551e-05
0
0
0
1.52273341222625e-06
0.0009531218908684085
0.0003828963417593762
0
0.00016528316542570608
0
0
0
0
0.0009334638284737986
0.0008031443534864979
0
0
0
0
0
0.0006847358230067431
0
0
0
0.00027814692712752737
0
0.0005572967065146858
0
0
6.359034144397083e-05
0
0.00011070414990482101
0
0
0
0
0
0.0004986092506286919
0
6.63342154281375e-05
0
0
0.00015354042753711598
0.00018363882766622282
0
0
0.000335851812826089
0
0
0
0
0
0
0
0.00046691463334150025
0
0
0
0
0
0
0
0.00010288924625994871
0
0
1.5500177374524825e-05
2.2613158992250753e-05
0.0002828675256285242
0.0007701078639032666
0.0003551634459700189
0
0
0
0
0
0
0
0
0
0
0.0004386525462408237
0
0.00044419720399475876
0
0
0
0
0
0.00031665254314348933
0
0
4.897927347910368e-05
0
0
0.00205179818828539
0
0
0.00046848225656244706
0.0001329960562928106
4.6258202730264586e-05
0
2.202771558584028e-06
0.0002511754354364579
4.03055051043609e-05
0
0
0.0007369299467263555
0.0003528266261413149
0.00013683579382293068
0
0
0.0008677650169522283
0.0003362036145630026
0.00022181251759575363
0
0.0006682876394956914
0
0
0
0
0
0.00027872734800975935
0
0.0005337855584044043
4.300354226236481e-06
0
0
2.5859616920185385e-05
0
0
0.0006019054945183694
0
0
0
0.00060189580914229
0.0003656406483389074
0
0
0
0.00012163049314447674
0
0
0.0007635424278321633
0
0
0
0
0
0
4.6258202730264586e-05
0
0.00013995302604108878
0
0
0
0
0
0
0.0004608212593733971
0.0009519735083542305
0.0005285104880956524
0.0004304781135324201
0.00017768528984916755
0.0025208555976920202
0.00016865594428602912
0
0
0.00015773968012440588
0.0002277513135555574
0
0
0
0
0.0002045379147388139
0.000454979164280133
1.1114749609192045e-06
0.00016694960817653586
4.626948075878773e-05
0
0
0.00017996709554136568
0
3.679668735080628e-05
0
0.00016415293974810278
0
0
0
1.5747634798142837e-05
0.00020246744731424723
0
0
0
0
4.6258202730264586e-05
0
0.0004636272338397635
4.6258202730264586e-05
1.3351802428988088e-05
0
0
0.00018101657143235815
0
0.0005612644491744267
0
0
0
0.0004029546002541626
0
4.0577370816021566e-07
0
0
0.0005772834617064479
0
0.00036234588978479275
0.00019126326731969893
1.6927123630636286e-05
0
0
0
0
0
0
0.00018456392268055593
0.0027605156539249856
0
0.00025377974356617904
0
0
0
0
0
0
0
0.0003781401953389013
0.0006036985581181971
0
0
0
7.900557336968728e-05
0
0
0
5.55098432763175e-05
6.56686052924717e-06
0
0.0005112581974452912
0
0.0004074110862761464
0
0
0
0.0004687541722257421
0
0
0
0
0
0
0
0
0
0
0
0
0
0
0
0.0005277203666739391
0
0
0
0
0
0
0
0
0.002489135194585817
0
0
0
0.0006736097402938819
0.0002211483184166377
0
0
0
0.00018591223305386382
0
0
0
2.3129101365132293e-05
0.001350398068717899
0
0
0.0001866808351839533
0
0
0
0
0
0
7.412711951252607e-05
2.7729551076388063e-06
0
0
0.0009826078671838082
0
0.0006651607188773774
0.00020848873733963488
0.0009222693080591061
0
0.00040204956095973014
0.00029566641037706586
0
0
0
0
0.0010792025570567204
0.0005949178844703298
0
0
0
0
0
0
0
0
0
0
0
0.0013279490744663638
0
0.00048589365841010654
0
0.0004216513233756633
0
0
0.00035515048157151513
0
0
0.00030743282117258594
0
0
0
0
0
0
0
0.0003245332074982902
0
0
0
0
0.0014271077455204385
0
0
0
0
0.0001980077316903868
3.828544228359651e-05
0
0
0
9.31259580802799e-05
0.0012230987384337744
0
0
0.00029025539678422977
0.0001119437250401014
0
0
0
0
0.0008448219471964022
0
0.0003780298574409922
2.8472385600513624e-05
0.00025139555045991047
0.0005673512002650856
0.0010393466718140198
0.0003421467653556284
0
0.00017262356070720756
0
0.000146699309338152
0
0.00011263063571900176
0.00019639654127197504
0
9.329385424591177e-06
0
0
0
0
0.00024611375527548143
0
0
0
0
0.00018713763739598824
0.00012090405595907851
0.0007174323678888941
0.0003025703592911537
0
0.0002631818268893355
0
0.004016127407311932
0
0
6.608314675752084e-06
0
0
0
0
0
0
0
0.0007357812063507712
0
4.6258202730264586e-05
0.0003352069297236954
1.52273341222625e-06
0
0
5.874791746743602e-05
0.0011871746448699843
0.0008923764082420681
0.0013805422012164914
0.00046624386110368085
0.0015691084912948733
0.000723308453782495
0
0.0009209975245520716
0
0.0002432728334041223
0
0
0.0004906935950018376
0.000562917094476742
0
0.000225862583559748
8.881406463162128e-06
0
0
0
0.0003058934296667043
0
0
0
0
0
0
0
0.00032633078601472347
0.0005041077842320896
8.619310129537746e-05
0
0.00023788906931473413
0
0
0
0.0006479892587384416
0
0
0.00029699403670322165
0.0004996653178029089
0
0
0.00020763652976236684
0
0
0
0
0
0.0005236083916638646
0.0002579570398719999
0
0.00022016394736378055
0
0
0
0
0
7.024393747929067e-06
0.00010387905960871172
0
0
0.00011852307589823684
0
0.0006187698930353941
0
0
0
0
5.293299370397408e-05
0
0
0
0
0
0
0.001223472197914437
0.0005279298202502327
0
0
0
0.0001464204244874193
0
0
0
0.0002949869267248757
0
0.00031111984092693117
0.00034419854083584517
0.00024934038219242665
0
0
0.00021115308041485753
0
0.00016426202880964985
0
0
0.0007344457893004929
0.0010429633362283772
0
9.755863820354987e-05
0
0
0
0.00011850398901355641
0
0
0
0.0006392104659107772
0
0.0004361625443498627
0
0
0.0006889840359239859
0
0
0
0.00039734722759756687
0
6.007558796138258e-07
0.00011220959584751648
0.00018092467166116053
0
0
0.00029579619836381054
0
0
0.0002381856836145818
0.00028064662118536384
0
0.00047342592790266424
0.00026102496795378716
0
2.320137980689833e-05
0.0003034808066488858
0.0001646080868545402
0.000702183944118107
1.0601752761378244e-05
0
0
0.0002102293634333954
0.0003434137824155021
0.0004768196102736884
0
0
0.00024403573609377055
0
1.4241851765977264e-05
0
0
0
9.211444838628993e-06
1.52273341222625e-06
0
0
0
0
0
0
0.0006880623516992356
0
0
0.0005387638905218133
0
0
0.0012384689785191725
0
0
0
0
0
0
0
0
0.0013259979185950574
0
0
0
0.000609009484308056
0
0.000287023631580795
0
0
0
0
0
0
0
0
0
0
0
0
0
0
0
0
0.0002650612908108922
1.4485288869813894e-05
0
0
0
0
0
0
0.00038494668830283833
0.0002734920387861777
0
1.4838178374115148e-05
0
0.00015172385650480077
0.0001025815042657142
0
0
0.000253378483666111
0.00034231721089535735
0
0.00016619579557824296
3.308737932421919e-05
4.232928927442756e-05
0
0
0
0.0003272125313835921
0
0
0
0
0
0.000855235926952581
0
0
0
0.00013840453417982365
0
0
0
0
0.00015678390931824477
0
0
0
0.0004934867089570871
1.041804014994015e-05
0
0.0016753611825003098
0
0
0
0.0004964139432449092
0
0
0.0002012544902480967
0
0.0002629301335036156
0
0
0.00023198697159287386
0.00043924885931447547
3.126014945311063e-05
0
0
0.00013818339746578636
0
2.9247020723653086e-05
0
0.00028425017737655577
0
0
0
0
0
0
0
0.0002830493796111598
0
0.00012043427526730719
0
0
0
0.0003133706665552128
0.000160319451356936
0
0.000299389334570775
0
0
0.0010555179985295073
0
0.0004462809338271945
0.00026240897072419075
0.00042601191139392074
0
0
0
0.00043921499170491795
0.00030008934168316496
0
0
0.0002948078935590463
0
0.0003639935385157444
0.00020899478600211113
0
0.0009822475094967953
0
0.0009481450381960937
0.000792440107803789
0.0005665471713042271
0.0002807438615719401
0.0006386031800276982
0
0
0.00030568821595876273
0.0012189331031038817
0
4.3578966020710055e-06
0
0
0
0
0
0
0
0
0
0
9.32620049442629e-06
0
0
0
0
0
0.00014932870499321453
0
0.0005362221473675456
0
0
0
0
0
4.557663115164244e-06
0
0
0
0.00011831839926326717
0
0
0
0
0
0
2.3129101365132293e-05
0
0.0013765663552456732
0
0
0
0
0.002416279039560948
0
0
0.0003753405912588597
0
0
0
0
0
0.00018425412839095527
0
0.00038619842004148703
5.107190813053786e-07
0.0003193739171863823
0
0
0
0
0
0
0
0.00022142536456942044
0
0.0008692789848711657
0
0
0
0
0
0.0006483014507275339
7.388268743242287e-06
0
0
0
0.0005482447690385312
0
0
0
0
0.0005774909439424674
0
9.251640546052918e-06
0.0004495423524952773
0
0.00038597790269812173
2.3475416267082346e-05
0
0
0.00033545377535145805
0
0.00014765572915477373
0
0
0
0
1.6990320073176823e-05
0
0
0
0
0
0
0.0003437463148357165
0
0
0
0
0
0
0.00023177197312469508
0
0
0
0.0002656684286983479
0
0
0
0
0
0
0
0
0
0
0.00022095457524009767
0.000747637054918148
1.292111209982286e-05
0
0
0
0
0.00010695080795935887
0
0
0
0
0
0
0
0
0
0
0
0
0
0
0
0
0
0.00019812009501585074
2.641126822641943e-06
0.0014660683095893267
0
0
0
0
0.00011310860811973744
0
4.6258202730264586e-05
0
0
0
0
0
0.00024633755734917805
0
0.000535376522277531
1.2502216954125564e-06
0
0
0.00027592765894881715
0
0.001037026126955085
0
0
0.0008196341799198113
0
0
0
0
0
0
0
0.00026160767443192135
0
0.00037622425268603874
0
0
0
0
0
0.00046545148990828085
0
0
0.0005450611023417715
0
0.0005804622135774484
0
0.00010631423243714206
0
0
0
2.3129101365132293e-05
0
0
0
0
0
0.0005889341811335479
0.00026704075241771507
0.00020587018061151333
0
0
8.629935384670791e-06
0
0
0
0
1.752820533820653e-05
1.650631719594693e-05
0.001140248179534206
0
0
2.1265302543957325e-05
0
0
0
0
0
0.001223251530281913
0.00014129231873476214
0
0
0
0
0
0
0
0.00013407321814614724
0.00029530627682895137
0
0
0.00032022830596460655
0.0023086787608329676
0
0
0
0
0
0
0
0
0
0.00038805131233191656
0
0
0
9.797682769863416e-06
0
0
0
0
0.00021236045963788093
0
0
0
0
0
0
0
0
0
0
0.00022235851464623988
0.0006376685860739623
0
0
0
0
0
0
0
0
0.00045495248970309595
0
0
0.0009270411338322582
0
0
0.0004493270256178603
0
0
0
0.0002629194786407955
0.00024313852464820433
0
0
0
0.0007254859478326622
0.0010412666676314663
0
0.0004566103433265434
0
0
0
0
0.0003945925736239707
0.00038883426381726584
0.0008990286070631967
0.000172410058915951
0.0020556689258231452
0
0.00027623344452692414
0.0011043154034583256
0.00040390885837732557
0
0
4.529049625374098e-05
0.00015078758278698373
1.1353246827733206e-05
0
0
0
0
0
0
0
0.0004952441283974091
0
0
0
0.00014728073379719218
0.000651605767903188
0
0
8.252246431166493e-05
6.40864678826423e-06
0
0
0.00034947161354478325
0
0
0
0
0.0014298457211953269
0
0
2.171258432344437e-05
0
0
0
0
0
0
0.0006542141729877571
0
0
8.291691929520608e-05
0
0
0
0
0
0
0
0
0.0005397424621960576
0
0
0
0
0
0.0015885472946227332
1.1348265284938223e-05
0
0
0.00023483592099126445
0
0
0
0
2.7729551076388063e-06
2.951431198716363e-05
0
0
0
0
8.859723557381463e-05
0
0
0.00018292342172505322
0
0
0
0.0012322767421341979
0
0
0
0
3.324166920440822e-05
0.0013963228142812687
0
0
8.242405105320498e-05
0
0
0.00044691977379314956
0
0
0
0
0
0.0008312251232372067
0.00042424015732616283
0
0
1.2490604384351138e-05
0
0
0
0
0
0
0
0
0
0
0
0
0
0.0003621270370880935
4.583900548656887e-06
0
0
0
0.00022222419506392327
0.0007327811003905972
4.6258202730264586e-05
0
0
0
0
0
0
0
1.2502216954125564e-06
0
0.0005910278815481406
0
0
0.0007003526106005262
0.0003986750134455368
0
0
0
0
0
0
0
0.000629078556864535
0.0007537760610897678
3.5726743321087255e-05
0
0
0.0008598653888120763
0
0
0
0
0
0
0
0
0
0.0003580666787141257
0.00024354295823039658
0
0
0.00028145434883370974
0
0
0
9.9817114339107e-05
0
0
0
0
0
0
0
0.0003869100948468592
3.9809566737148636e-05
0
0
0
0
0
0
0
0
0
0.00027920099448591274
0
3.8548502275220485e-06
0
0
0
0
0
0
0
0
0
9.251640546052917e-05
0
0
0.0001737658214043164
0
0
0.0004160675216567078
0
0.00023883156545509307
0
0.00030634949198930854
0
0
0
0
0
0
0
0
0
1.2502216954125564e-06
0
0
0.0005728357642112487
0
0
0
0.0004053036171897
0
0
0.00035202269906463144
0
0
0
0
0
0
0
0
0
0
0
3.8210789775366486e-05
0.0005894943821694981
0
2.255834798244395e-06
0
0
5.088402300329105e-05
0
0
0
0
0
0
0
0
0.00025349972920736313
0
0.00048525605214681117
0
0.0008984956586580827
1.051322789324195e-06
0
0
0.00049113403744799
0
0
0.00025488071447491405
5.456873059039212e-05
0
0.000245541655401014
0.00027715192010391987
6.617853913851942e-05
1.8589983712626132e-05
0.0005585946794707336
0.0003650913643637464
0
0
1.1575363938385576e-05
0
0
0
0
0
0
0
0.00037606818733376847
0
0
8.68337697816176e-05
0
0
0
0
0.00015304104002088548
0.0003345464632596186
0
0
0.00049534658807747
0
4.6258202730264586e-05
0
0
0.0002861661155862702
0
0
0
0
0
0
0
0
0.0001542572454126311
0
0.0009159567655202961
0
0
0
0
0.0002565997156154005
0
0.0002998668578251625
2.9737416040884378e-05
0
0
0
0.0008274676787508197
0
0
0
0.0012891365919864518
0.0009624572940234535
0
0
0
0.00048578752592813324
0
0
0
0
0
0.0006152688075179767
8.153825944273163e-06
5.782275341283073e-06
0
0
0
0.00013572160990297832
0
5.750847636504529e-05
0
0
0
0.0002479507063833754
0
0
0
0
0
0
0
0
0.0003337136928709108
0
0
0
0.00018627885431976072
0
0
0
0
0
0
0
0.00021376520316592564
0.0003684042775503735
0
0
0
0.0010638039922390694
0
0
0
0.0001690943368713236
0
0.00014879552878484394
0.0005516787392904127
9.251640546052918e-06
6.1234869847172e-06
0.0006321187943309568
0
0
0
6.13705824554272e-06
0
0
0
0
0
0
0
0
0
0
0
0
0
0
0
0
0
0
1.1222486125436346e-06
0
0.0008406069781160204
0.0002502743747793972
2.9805344368587615e-06
0
0
0
0
0.00037932255708021277
0
7.110904566727611e-05
0
0
0
7.923325281678254e-07
0
0
0
0.0049348612595344074
0
0
0.0010970059740460741
0.0006965489169107501
0
0.0003384391374134944
0.00023844755999542127
0
0
7.174311673498051e-06
6.535750327982048e-06
0
8.64203705109691e-05
0
0.0005099175921483808
0
0
3.426102679016008e-05
0
0
0
0
0
0.00023147492452536229
0
0
2.525206235999951e-06
0
0
0.0008077760498579179
0.00040064268464091833
0
0
0
0
0
4.02245385406726e-05
0
0
0
2.58547029588636e-05
0
0
0
0
0
0
0
0
0.00023950073912754912
0.0011225074600348772
0.0004085412772260225
0
0
0
0
0.0006993518200724018
5.055541483368987e-06
0
1.5496620069212636e-05
0
0
0
0
0
0.0008011453334527816
0
0
5.29290114546963e-05
0
0
0
0
0
0
7.701928356252486e-05
0
0
0
0.0003070228684991415
0
0
0
0
0
0
0
0
0
0
0
0
0
0
0
0
0
0.0004268912157337379
0
0
0
0
0
4.6258202730264586e-05
0
7.746427093792824e-06
0
0.000541081453272819
0
0
0
0.0008095687205339892
0
9.713607434568906e-05
0
0
0
0
6.535750327982048e-06
0.0001244994093515548
0
0.0022378207266742145
0
0
0
0
6.93331878100089e-05
0
0.0004742480745105335
0
0
0
0
0
0
9.440449536788691e-07
0.0005680705324549928
0
0
1.7132667677875772e-06
5.597795306088395e-05
9.791430828994821e-05
0
0
0
0
0
0
1.5491679351854232e-05
0
0.00029667573991056927
0.00015810541012983736
5.1398003033627316e-05
5.139800303362732e-06
0
0
0
0
0
0.0007509548359921623
0
0
0
0
0
0
0.0015313220585985135
0
0
0
0.00141543194615237
0.0004312704702123457
1.7132667677875772e-06
0.0005480830095409045
0
0.0003880179708854224
0
0
0
0.00014491389821336974
0
0
0
0
0.0002827246611205849
0.000418553821493158
0
0
0
0
0.00038417839771552695
4.890326679316197e-05
0.000522774121950263
0
0
0
0
0
0.0018035432549958093
6.535750327982048e-06
0
0
0
0.00041355160382560834
0
0
0
0
0
0
0
0.00016372680916854057
0
0
0
0
0
0
1.874638996807762e-05
0
0
0.001629998833864921
0
0
0.0005013014500313105
0
0.00036252711245335334
0
0
0
0
0.0006134269773848168
1.938495131359362e-05
0
0
0
5.7291736056051996e-05
0
0
1.5419400910088196e-06
0
0.0004733093481276119
0
0
0
0.0004118839752545125
0
0
0
0
0
0.0003551411936659924
0
0
0
0
0
0
0
0
0.00048086239124567814
0
0
0
0
0
0
0.0012517622340419156
0.0003697796297512094
0.0003456498531336659
0
0
0
0
3.966989407154799e-05
6.608314675752084e-06
0
0
0
0.0002650657905128102
0.00020872521050981684
0.0002671198934488164
0
0
0
0
0
0
0
0.00037724896107314983
0
0
0.0003306114627638124
0
0
0
0
0
1.3225001371785948e-06
0
0
0
0
0
0
0.0006682049348021576
0
0
0
0.00017502002100874424
0
0
0
0
0
0
0
0
0
0.0006259283987676284
0
0
5.09264530436254e-06
0
4.868897407716514e-05
0
0
5.4543907660008625e-05
0
0
0
0
0
0.00023039973963105638
0.00014553878100499414
0.0005154766411961959
0.0006743307068283508
0
0
0.0001953826056886434
0
0
0
0
0
6.600049320553797e-05
0
0
0
0.000104697754946278
0
0
0.0004909942189916667
0
0
0
0
0.0002721864964188131
0.00040849971700613263
7.127303619888979e-05
0.000568659505894348
0.0010814173522653587
0
0
0.0004860378137026065
0
0.0010098702457228851
0
0
4.6258202730264586e-05
0
0
0
0.0003210249865258212
0
0.0003450441094712863
1.005613102831839e-06
0
0
0.00016722472565383032
0
0
0
0
0
0
0
0
0.0004961439244363833
0
0
0
0.0007545369760968967
0
0
0
0.0005749919982195001
4.5556400036712546e-05
0
0
0
0
0
0
0
0
0.0012274678549945971
0
0
0.00017465784695588319
4.6258202730264586e-05
0
0
0
0.00019344596424326628
0
0
0
0
0
4.6258202730264586e-05
0
0
0
6.317002225280091e-05
0
0
0
1.511705971577274e-07
0.0005269568537847088
0
0
0
0.0006163885619458923
0
0
0.00012331583959913987
0.00017408788355697635
0
1.9994288895127722e-05
0
0
0
0.0008116599152476683
3.7430669340055264e-06
0
0
0
0.000946072823181527
0.00026141606146664145
0
0
0
0.0010931218831146158
0
0
0
0
0
0
0
0
0
1.3154684593774439e-05
0
0
0
0.0006138792863104182
0
0.00039108981067382316
0
0
0
0
0
0
0
0
0
0
0
0
0
0
0.0003394475003377291
0
0
0.0007796298327948355
0
0
0.0018494586320285352
0.0002828121319995949
0
0.0003251827810659884
0
0.00046401628805387425
0
0.0004959777678032388
0
0
0
0
0
0.00024080824730838228
0
0.0015370199801471637
0
0
0
0
0
0
0
0
0
0.00028884090954512325
0
0
0
0
0
0
0
0
0
0
0
0
0.00022019378515992285
0
0
0
0
0
0
7.504819166036567e-05
0.000154812592223057
4.3578966020710055e-06
0.0004934255402905056
0
0
1.2516327459023156e-05
0
0
0
0
0.00028901524841933696
0.0007858406919895852
0
0
0.0004115258219851416
0.0008283885294609541
0.0001597206437739034
0.0008797932960225427
0
0
0
0
0
0
0
0
0.0004109566440529515
0
0.0003316677245962218
0
0.0001549150478341263
2.029800166217949e-06
0
0
0
0
0.0002098960524930074
0
1.3006174382167623e-05
0
0.0004599329322495587
0
0
0.0007681776463121993
0.0015918617345308259
0
1.221063964009557e-05
0
0
0
0
0
0
0
0
0
0
0
0
0
0
0.0004473517804010311
0
0
0
0
0
0
0
0
0
0
0
0
0
9.202119067492229e-06
0
0
0
0
0
0
0.0015848535099566219
9.922577215830115e-05
4.8288002896482536e-05
0
0
0
0.00040410988842774217
0
0
0
0
0
0
0.00019814309148771223
0
0
0
0
0
0
0
0
0
0
0
0
0
0
0
0
0
0
0
0
0
0
0
0
0
0.00026748999741059616
0
0
0
4.673563155888576e-06
0
0
0
0.00020950303438931688
0.0007577865089560938
6.620836814745133e-06
0
0.00023606865566411423
7.78364925503215e-06
0
0
0
0
0
0.0002769620983292087
0
0
0.00032492915334743496
0
0.00041289123925111005
0
7.1170845917760335e-06
0
0
0
0
0
0
0
0
0
0.00015738285790310822
0
0
0.0004208723741170133
0.0010873819854097745
0
0.0009673501466920522
0
0.00037275179757380284
1.7603110764724606e-05
0
0
6.799377155441799e-06
2.860680618487193e-05
0.0003211494956044413
0.0005611365342338736
0
0
0.0008041207294766403
0
0
0
0
0
0
0.0001108181773584468
0
0
0
0
0
0
0.0004943580572959328
0.0011767308953007324
0
0.0002741166719397375
0.0006854438700861737
0
0
0
7.174311673498051e-06
0
0
0.0006067905308925217
0
0
0
2.029800166217949e-06
7.934819852189878e-06
1.639494207405336e-05
0
0
0
0
0
0
0
0
0.0006984451254264347
5.706965648374476e-05
0
0
0.0005068246887507494
0
0
0.00010381597251103003
0
0
0
0
0
0.0005642894430148291
0.00046307475035092555
0
0
0.0013449381559116872
0
0
0.0002629313977457231
0
0
0
0
0
0
0
0
0.00041937469005313646
0
0
0.0005357861289188266
0
0
0
0.0004992049647118944
0
0.0003984450006345114
0
0
0.0004715805535783452
0
0
0
0
2.2988136377909265e-06
0
0
0
0
0.0003555889867379067
0
0.0013948455048783113
0
0
0
0.0005184400240893299
7.280532630267698e-05
1.5419400910088194e-05
0
0
0
0.00028327537406086636
0
0
0
0.0004881267760940647
0.0002557451828599267
0
0
0
0
0
0.00023496108172794012
0
0
0
0
0.0005948270158117472
0
0
0
0
0
0
0
0
0.0001020231568480979
0
0.0008873760736363781
0.00036941210246584755
0
0
0.0003750373192806945
0
0
0
0
0
0.00041810938873193483
0.00042571129341836627
0
0
0
0
0
0
0
0
0
0.00042418719410815557
0.0005584554523939292
0
0
0
0.000514269205760558
0
9.202119067492229e-06
0.0009256707542797094
0
0
0.00019361058009449646
0
0
0
0
0
0.00040970967826481217
0
0
0.001213421006335892
9.251640546052917e-05
0
0.0005420108541211827
0
0.0002917334545802451
0
0
0
0
0.0001257964564965347
0.00016319039403962804
0
0
0
0
0
4.6258202730264586e-05
0.0020238145121002026
4.6258202730264586e-05
9.202119067492229e-06
0
0.0005547176008990967
0.0002640290879209193
0
0
0
0
0.0004060424237790839
0
0
0
0
0
0
0
0
0
0.00011145829400213429
0
0.000714050235966603
0.0005455429128167276
0
0
0
0.00030072784329775935
0
0
0
0.0005506144153401186
2.011226205663678e-06
0.00013948238753000338
0
3.9835961051496414e-05
1.9194773445529322e-05
1.5088306668812015e-05
0
0
0
0
0
0
0
0.0005017321504527188
0
6.179401376337222e-05
0
6.194044123165307e-06
0.00013363053358861788
0
0
0
0
0.0003591791171129086
0
0
0
0.00025359863953036097
0
0
0
0
1.036584039002221e-05
0
0
0.0003081942809729461
0
0
0
0
0
1.2173553650950625e-05
0
0
0
1.5321908515094628e-05
0
0
0
0
0
0.0004209011553000763
0
0
0.0005397615466470073
0
0
0
0.00025466990276488494
0
0
0
0
0
0.0002083680785538481
7.199306974047959e-06
0
0
0
0
0
0
0
0.0013280573623281032
0
8.244078033605327e-06
0
0.0022908759384124406
0
4.6258202730264586e-05
0.00010857108043320688
0
4.643819573699713e-05
0
0
0.00017079126783673556
0
0.0006692135300128744
1.5682238501388484e-06
0
0
0
0.00030195533099285917
0
0.0004885606184882387
0
0.00025850549898147085
0
0.00022559320294904093
0
0.000761664864676527
0
0
0
0.0005425552607261326
0.00038827823544350176
0.00033008559547753754
0
0
0.00012217121990412257
0.0012896384007072192
0
0
0
0.00038449915505322574
0.0002618045159063178
0.0003815601445881372
0
0
0
0
0
0
0
0
0.0006760289831821394
0
0.000505882023476188
0
0.0014309799037966243
0
0
0.00010300901190775448
0
0
0
0
0
0
8.613947313388558e-06
7.247213761847123e-05
0
0
0
0.00025024249931770824
0
0
0.0002760519692271309
0
0.00010772960765706555
0
9.01932965090284e-06
6.608314675752084e-06
0
0
0
0
0
0
0
0
0
0.0010064979978980726
0
0
0.0003122835104410251
0
0.0004887952411639567
0
0
0
0
0
0
2.605104846833873e-05
0
0
0.0013054388815931244
0
0.0004723985855327322
0
0
0
0
0
0
0
8.19817026024284e-05
0
0
0.0011281394311119866
0
0
0
0.00019497479673794558
0
0
0
0
0
0
0
0.00013468227089351404
0
0.00021051022570710618
0
0
0
3.469398663036149e-05
0
0
0.0006963338537937249
0
0
0
0
0
0.0010679211581922142
0
0
0
0
0
0
0
0.00017520695967795143
0
0
0
2.3915687245929365e-05
0
0.0004960486718602814
0
0.00018203751602437407
0
1.4609775587048736e-05
8.715313557875936e-06
0
0.0001798826375263626
4.066435960958486e-05
2.2525053597154254e-05
9.403390557156573e-05
4.728424277495778e-06
0
0
0
0
0
0.00014576291406068952
0.00024363017061475322
8.952617940722045e-06
0
0
0
0
0
0
0
9.202119067492229e-06
1.86292465988443e-05
0
0
0
0.00062450515605041
0
0
0
4.6258202730264586e-05
0.0005046241908436315
0.00038192228509144837
0.0005338964408115542
0
0
0
0
0
0.0009329077120017881
0
0
0.0006017346108967904
0.0003081942809729461
0
0
0
9.440154529599213e-06
0
0
0
0
0
0
0
0.0008481660906411795
0
0
0
0.00019479194821206655
0
0
0
0
0.0002662398755941244
0
0.000190489673832982
0.00014858541274767224
0.0003818927041394197
0
0.0005344047490814047
0
0
0
0
0
0
0
0.00022646945867121755
0
5.1245861424749134e-05
1.217321124480647e-06
0.0005582899125494447
0
0
0
0
0
4.6258202730264586e-05
0
0
0
0
2.2326928076475645e-05
0.0004997698560502182
0
0.00041234198826940266
0.00022769313767842837
0.0003448294949780228
0
0
4.689576088910975e-05
0
0
0
0
0
0.00021649026466532623
0
0
0
0.00031714500499600455
0.0004447022367598349
0.0009462703138486655
4.6330481172030624e-05
0.00019385255330450475
0
0.00044878023976103093
0
0.0006391534457145691
0.00012913067310053704
0
6.04901760790817e-06
0
0.00018470314091844215
0.00042400067352638924
0
0.0006621019904277191
0
0
0.0001864890393931126
0.0006251550982682572
0.0005015151364276229
0
0
0.0005711922148882854
0
0.00018349934460737356
0.0002997419692570815
0.0004165445015236857
0.00047326926310395666
9.440449536788691e-07
0
0
0.00016527242018966353
0
0.0001246514149538407
0.0003081942809729461
0.0008296776026865629
0
0
0.0003134466667154198
0
0.0003668272454648994
0.00011833773579869383
0
0
0
0
0
0
0
1.3940528740231383e-05
0
0
0.0001758536443827425
0
0
0
0.0007307935613827225
0.0005171817560385484
0
0
0
0
0
0
0
0
0
0.000622760234629297
9.637125568805121e-07
0
0
0
0.000414210269974291
0
0.0004213943274256379
0
0.0005111178600196799
0
0
0
0
0
0
0
0
0
0
0
0.00022664784177147296
0
0
0.0005452248880684898
0
0.00025290091395501103
0
0.0001623523996321844
0.00012895000203944323
0
0
0.0002772034933647729
0
0
0
0
0
0
0
0
0.0005516792845637737
0
5.1957901744216126e-05
0
0
0
0
0
0.0004421587904200128
0
0
0
1.0830661647892726e-05
0
9.54879085153715e-05
1.2575261854893662e-05
0
6.526244246985491e-06
0
0
0
0
0
0
0
0
0
0
1.3141956583450136e-05
0
0
0.00018399905808281233
0
0
0.0002764476410198234
0
0.00033512937241707015
0.0003369719628439249
0
0.0008587072969894992
0.0015772417357002657
0
0.0003081942809729461
0
0
0
0
0
0
0
0
3.296176281504361e-06
0
0.00015824523989478855
0
0
0
0.00022088766075239997
0
0
0.0004081267593456338
0
0
0
0
0
2.0650983361725262e-07
0
0.0003242552938378151
0.0009158159968785572
0
0
1.859519163015658e-05
0
0
0
0
0
0
0
0
0
0.001232777123891784
0
0
0
0
0
0
0
0
0
0
0
0
0
0
0
0
4.6258202730264586e-05
0
0
1.5419400910088194e-05
0
0
0
8.681709571179441e-05
6.470759091957739e-06
0.0002505252646298925
0.00039184492231587897
0
4.6258202730264586e-05
1.5989797183899826e-06
0
0
1.0341849203167365e-05
0
0
0
0
0
0
0
0
0.0008278753452541268
0.0010771261228749438
0
0
0
0
0
0
0
0
0
0
0
0
0
0
0
0.0005998152269773746
0
0.00029591277459315037
0
0
0
0.0008377672590175038
0
0
2.4545255884914863e-05
1.8954359849977292e-05
0
0.00011745826450338168
0
0
0.0001487151155626888
0.0003465340262878557
0
0
0
0
0
0
0
0
0
0
0
0
0
0
0
0
0
0
0
3.9957408689400454e-05
0
0
0
0
0
0
0
0
0
0
0
0
0.00024084193096096315
0
0
0.0002977878340968396
0
0
0.0003081942809729461
2.3129101365132294e-06
0.00034912310235360526
0
0.0004703998218896302
0
4.3578966020710055e-06
0
0
0
0.00016076569619261782
0
0.00035586305876482606
0
0.00023659999488165776
0
0
0.00021702323508210734
0
0
0
0.0001720838628245449
1.0309729241653281e-06
0.00033374678407506914
0
0
0
0
4.6258202730264586e-05
1.393319359345319e-07
0.00017008310833746293
0
0.00024447637903981796
0
0
0
0
0
0
0
0
0
0
0
0
0.0005411284002371522
0
0.0010244180381899142
2.8911376706415366e-06
0
0.00030514940488653516
0.0003947520540797131
5.5762959048567355e-06
0
0
0
0
0
7.257051646613575e-05
0.0001340811138235877
0
0
0
0.0007977587527381053
0.0004156101730748323
0.0010718767841726023
0
0
0
0.0013003290566051182
0.0004275905704992167
0
5.5762959048567355e-06
0
0.0005239970062198063
0
0
0
0
0
0
0
0
0
0
0
0
0
0
0
0
0
0
0
0.00025682476855348497
0
0
0
0
0
0
0
0
0.00037828175102507075
0.0003081942809729461
0
2.3359483896389526e-05
0
8.251789166492198e-06
0
0
0.0007084842602891708
0
0
0.0005550285014676867
4.477081039627499e-06
0.00019069455832529007
0
0.00015326571510887154
0
0
0
0.00035247007082380425
0.000337505219223685
0
0
0.00023191197489041526
0.0004389436429143259
0
0
0
0
0
0
0
0
0
0
0
0
0
0.000798056025762235
0
0
0
5.139800303362732e-07
5.5762959048567355e-06
0
0
0
0
0
0
4.835051188050439e-05
2.394167387913309e-05
0
0
0
0
0.00046832189450661955
0
0
0
0
0
0
0
0
4.70465252746038e-05
0
0
0
0
0.0007838059385410467
0
0.00036569034271911893
0
0.00017385470950351836
0
0.00016297030704241793
0
0.00027367999933910315
0
0
0
0
0
1.5993080040686048e-05
0
0
0
0
0
0
0
0
0
0
0.0004224747213214765
0
0
0
0
0.00018337751825118944
8.260393344690105e-07
4.617959487483855e-06
0
0
0
0
0
0
0
0
0
0
0
0
0
0
0.00012855740031089417
5.038605761241538e-05
0.0002841043262577536
0.0008695323649637615
0.0006141674704446654
0
0
0.00026851181619374446
6.701895807893653e-05
0.00012301533991213232
1.443602075000604e-05
0
0
0
0
0.00034749806995075744
0
0
0
0
0
0
0
0
0
9.280770576830055e-05
9.078742397799284e-06
0
0.00015262494276122919
0.00015942197596516118
0.00015845543759218617
0
0.0002701976773573051
0.0004981776618531703
0
0
0
0
0
2.2321675587711145e-06
0
0
0
0
0
0.00023704297578476752
0
0
0
0
0.0006867953406631259
0
0
0
0.0003357643906002989
0
0
0
6.657568450132473e-05
0
0.00012701600620300228
0
0.0036717535880559267
0
0
0
0
0
0
0
0
0
0
0
0
0
0
0
0
0
0
8.618917759589536e-06
2.3775506627598653e-05
0.0008863772898753855
0
2.569900151681366e-06
0
0
0
0
0
0
0
0
0
1.217321124480647e-06
0
4.6258202730264586e-05
0
0
0
0
0.0002945939769091573
7.850870094159821e-05
0
0
0
5.452582770878677e-05
4.6258202730264586e-05
0
0
0.0001817056494706403
0
0.0001751171864467687
0.000657397025266559
0
0
0
0.00029998866742456
2.569900151681366e-06
2.0650983361725262e-07
0.000149403362736788
0
0
0
0
0
0
0
0
0
0.00018559061356185108
0.00029237892312143285
0.00043602167083146024
0
0
0
0
0
0
7.171266220451805e-06
0
1.5970055093966408e-05
0
0.00020336120991675918
0
0
0
6.837340152247382e-06
0.0005917528523785889
0
2.379882244462505e-05
0
0.0017222917232694983
0
5.888090297351417e-07
0
0.0007334148459179587
0
0
0.00024143810343079227
0.001344054318481609
0
5.3167821324278006e-05
0.00024315678988725788
0.0006063280324367107
0
0
0
0
0
0
0
0
6.981300386195557e-05
0
2.3129101365132293e-05
3.822991961178891e-07
0
4.9721939754048146e-05
0
0
0
0
0
0
0
0
0
0
0
0.002016402665824796
0.0008158350629137404
0
0
0
0
5.9737906453915537e-05
0
0
0
0
0
0
0
0
0.00014956424052341627
0
0
0.00028069352513594633
0
0.00025037132634324495
0
0
0
0
0
0
0
0.000517757042067507
0
0.0001229379211445511
0.00045154353454993215
0
0
0
0
0
0
0
0
0
2.2287131446362894e-05
7.70512454920333e-06
0
0
0.0002339854704931656
0
0
0.000179289782662837
0
0
0
0.0006468959028481079
0
0
0
0
0
0.0008093939623747454
0.0010111252466704578
0
0
0
0.0003201456488992354
0
0
1.3216629351504166e-06
0.000111956780904817
0
0
0
0.0004084093596435875
8.880897708672631e-06
0.00041343769476515806
0
0
1.110806578654895e-05
0
2.335980246572626e-05
0
7.654226463881489e-05
0.002319252806444517
0.00011622609861859576
0
0
8.625645698504652e-05
0
0.0004081653774854427
0
0
0
0
0
0
0
0
0
0
0.00028329168238016786
0.0004140790444216814
0.0005179698055235613
6.038528437917141e-06
0
0
0
0
0.0001329217440024989
0.00012499900438106885
0
0
4.6258202730264586e-05
0
0
0
0
0
0
0
0.0003804579737299411
0
0
0
0
0
0
0.0005082314065549446
0
0
0
0
0
0
0
0
0.001027219410183994
0
9.251640546052917e-05
0
0
0
0
0
0
0
0
4.6258202730264586e-05
0
0
0
0
9.823631418830729e-05
0
5.55098432763175e-05
0
0
0
0
0.00020475021672239398
0
0
0.00010025515988929834
0.0004569085941924824
0
0.00023096269000732935
0
0
0
0.00010864567202233352
3.822991961178891e-07
0
0
0.0005488668489141662
0
0
0
0.0002197363322428417
1.501498594025985e-05
0
0
0
0
0
0
0.00016873022864768327
0
0
0.0018238981450098624
0.00011942763844057831
0
0
0
0
0
0.00027659142920335246
0
0
0
0.00043169015945664167
0
0
0
0
0
0
0.000890115962653781
0.00039385057189690543
0
0.00026521224427897625
6.23729424165541e-05
0
0
0
0
0
0
0
0
0
0.000784989609873624
0
0
0
0
0
0
0
0.00026370359802472865
0.0004185476956333767
0
2.418112164074294e-05
2.0650983361725262e-07
0
0
0
0
0
0
0
0
6.916802004864117e-06
0
0
0
0.0003636425433265077
0
0
0
0
0
0
0
0
0
0
0
0
0
0
4.439547170047614e-05
9.986660958096208e-06
0
0
0
0
0
0
0
0
6.145607610903864e-06
0
0
0
0
0
0
0.0010451116817412974
0
0
0
0
0
0
0.00026829071290167917
0
0
0
0
0
0
0
0.0004726805060447719
0
0
0
0.00025056301091643717
0.00043234301232651884
0
0
0
0
0
0
0
0
0
4.6777812656922505e-05
0
4.673563155888576e-06
0
0
0
0
0
0
0
0
0.0004069509329526326
0
0.0004350801457327709
0.00040501774495032303
0
0
0
0
0
0
0
0
0
0.00015428229911632996
1.86292465988443e-05
0
0
0
0.0006855073066083479
0
2.7515707471103162e-06
0
2.983216922635136e-06
2.3129101365132293e-05
0
0
3.891563086831782e-06
0
0
0
0
0
0
0
0
0.00010161148621698879
0
0
0
0
0
0
0
0.0002869869856549896
0
0
0
0
0
0
5.912213087454796e-06
0
0
0
0.00019592266778575195
0
0
0.0003779366118977388
0
0
0.0004280715435565885
0
0
0.0002341357403582202
0
0.00022466575651239172
0
0.0003406308343769692
0
1.8131254008846322e-05
0
3.7268009990342718e-06
0.0003077240992903149
0
0
0
0
0
0
0
0
0.0008834474749718362
0
0
0
0
0
0
0
0.00017359140798292843
1.854641586629007e-05
0
0
0
8.4202906334461e-06
0
0.00014656315700113375
0.00033592757574455075
0
0
0
0
3.3786872026401633e-06
0.0003313539948612117
0
0
0
0
0
0
0
0
0
0
0
0
0
0
0
0
0
0.0006820024773987476
0
0
0
0
0
0
0
0
2.380839091279262e-05
8.260393344690105e-07
0
0
0
4.6258202730264586e-05
0.0001345050601400056
8.260393344690105e-07
0
0
0
0
0
0.00048407147428011397
0
0.00014694907605493986
0
0
0.00011733192491576692
0
2.120737968966956e-06
0
0
0
0
0
0
0.00028574227170963506
0
0
0
0
0.00012436703881055209
0
0
0.0021265831286417223
0
3.5649017841259573e-06
0.0002869558018710147
0
0
0
2.3129101365132293e-05
0
0
1.7132667677875772e-06
0
0
0
0
0
0.0007111053767543447
4.486477697951081e-06
0
0
0
0
0
0
7.975121691215722e-06
0
0
0
0
0
0
0
0
0.0002580557927537975
0.0017091785008760212
0.0003081942809729461
0
0.0005164134876890969
0
0
0
0.002212506465707229
0
0
2.434642248961294e-06
0
0
0.00034483902132226616
3.783807717718002e-05
0
0.0006020019297646772
0
0.000419858682780529
1.772043855453083e-05
1.2502216954125564e-06
0
0
0
0.00044847156247587895
0
0
0
2.5767168629590355e-06
1.3207693417174108e-06
3.7268009990342718e-06
0
1.5419400910088194e-05
2.508851129819787e-05
0
0
0
0
0
0.0002845435388467121
0
0
0
1.206147064626535e-05
0
0.0002427729592676934
0.00012512661713007383
0
0
0
0.0006053857274511261
1.611739101606943e-05
0
0
0
0
0.0003493952284397188
0
0
0
0
0
0.00023203901353914592
0
0
0
2.3129101365132293e-05
0
0
0
1.2438924348707328e-05
0
0
0
0
0
0
0
0
0
0
0
0
0
0.00048500028617825413
0
0
0
0
0
0.0004961299776660899
8.260393344690105e-07
0
0
0
0
0
0
0
0
0
0
0
0.00026049001035587197
0
0
0
0
0
0.0002567602941323733
0
0
7.2257553755607976e-06
0
0.0002451973962629357
8.260393344690105e-07
0
0
0
0.0004952261840547622
0
0
0.001207053592404137
0.00022419551913514004
0
0.000340372526704238
0
0
1.2502216954125564e-06
0
0
0
0
0
0
0
0.00048385469041864693
0
0.0003740785471690895
0
0.00036631579330297917
0
0
0
0
0
0
0
0
0
0
0.0003914888989652488
0
8.260393344690105e-07
0.0007195611351384854
0
0.0009458706199402742
0
0
0
0
0
0
0
0.0004883215367358411
0
4.183655977436486e-05
0
0
0
0.0002508487928450123
0.0008674629274011092
0
0
0
0
0
0
0
0.0010547714855165134
0
0
0
0
1.7403734962675045e-06
0
0
0
0
0
0
0
0
0.0009475591108337232
0.000608896683007515
0
0.0005283264036442001
0
0
0
0
0
7.960276689153835e-05
0
0
0.00014726030233609967
0
0.0004894105928586896
0
0
0
0
0
0
0
0
0
0
0
0
0
0
0.0001984796188904195
0
0
0
8.260393344690105e-07
0
0
0
0
0
0
0.0010860809437871187
0
0.00024745032877821925
0
0
0
0
4.6258202730264586e-05
0
0
0
0
0.000391180680697129
0
0
4.6258202730264586e-05
0
0.0003271790047929638
0
8.260393344690105e-07
8.260393344690105e-07
0
0
0
0
0.0003048109514215699
0
0
0
0
0
0
8.260393344690105e-07
0
0
5.743694150904204e-06
0
4.6258202730264586e-05
0
0
9.454211591501916e-05
0
0
0.0012622384973593288
0.0002127687043857385
0
0
0
0
0
0
0.00031090900440353884
0
0
0
0
0
0
0
0
0
0
0
0
0
0
0
0
0.0001990666070257972
0
4.6258202730264586e-05
0
3.8548502275220485e-06
0
0
0.0002490468424377352
0
0
0
0
0
0
0
0
0
0
0
0
0
0
0
0
0
0
0
0
0
0
0
0
0
0
0
0.0006904858922031321
6.172723703297918e-05
0.00012298387593180402
0.00023100680407365563
1.7999300673254703e-07
0
0.0004359233311490962
0
0
0
0
0.00013555289155041167
0
6.12930141854605e-05
0
0
0
0
0
0
0
0.0010285379095552828
0
0
0.0002656450935926308
2.2585752215607417e-05
0
0
0
0
0.0007844267227387213
0
0.00046343040358090294
0
0
0
0
0
0
0
0
0.0007214859546194631
0
0
0
0
0
0.00021709143044553196
0
0
0
3.822991961178891e-07
0
0.0001708093944824473
0
0.0006137551560494916
0
0
0
0
0.00028102274581996353
0
0
0.0001756000877690483
7.227844176603842e-08
0
0
0
0
1.5419400910088196e-06
0
0.00021023124161548517
0
0
0
0
3.304157337876042e-06
0
7.270586535365005e-05
0
0
0
0
0
0
0
0
0
5.321476455572741e-06
0
0
0
0
0
0
0
4.4948114178795186e-05
6.612428878127197e-06
1.545461571481025e-05
0.00017729196358166478
0.0001330065223016491
1.0796692088289804e-05
6.310805283801444e-08
0.00036503867443440517
4.6258202730264586e-05
6.873916728572147e-06
0.00043730278489135003
0.00020797494937163183
0.00015113585606496313
0.0010988577190135511
0.0005093089518578869
0.00048118136023208723
0.00014610102787648158
