6 258 6624 6790 7632
11 733 6496 6715 6739
15 42 7632 7871
20 153 6780 7726
24 270 6496 6833 6869 6955 7119 7143 7144
29 136 6498 6503 6913 6946 7040 7052 7119 7295
30 3 7478
36 231 6437 6496 6955 7115 7632
42 88 6437 6458 7108
44 42 6432 6437 7092
47 113 6875
60 9 7624
68 187 6437 6505 6599 6774 6784 6832 6914 7063 7115 7233 7341 7620 7632 7795 7839
71 68 7809
72 113 6566 6715 6790 6832 6833 7279 7478
86 101 6930
87 164 6437 6441 6458 6496 6737 6930 7381 7478 7649 7662
99 15 6560 6737 6765 6774 6918 7632
103 55 6589 6624 6665 6832 6946 7074 7381 7553 7618
109 166 6417 6437 6442 6458 6481 6505 6523 6523 6528 6552 6555 6567 6576 6596 6600 6665 6665 6699 6715 6770 6774 6832 6860 6901 6913 6914 6934 6934 6946 6955 6979 6980 7005 7021 7047 7052 7063 7101 7115 7168 7225 7280 7373 7400 7414 7553 7620 7649 7662 7694 7757 7763 7788 7809 7810
110 59 7005 7855 7862
113 68 6437 6555 7651 7809 7839
122 193 6498 7699
127 83 7012 7632
133 8 7632
136 64 6441 6498 6505 6634 6739 6855 6913 7050 7054 7301 7442 7553 7620
143 95 6600 6634 6770 6784 6979
145 15 6720
154 53 7050
155 16 6665 6993 7116 7400 7587 7647 7651
163 9 6875
166 77 6855 6945 7695
172 120 6441 6498 6634
173 332 6833 6994 7092 7649 7809 7813
177 16 6496
178 52 7699
199 11 6784 7279 7795
226 13 6437
231 44 6930 7553
237 35 6417 6780 7414
259 42 6833 7115
265 30 6737 7478 7587
280 76 7632
310 236 6505
311 312 6595 6715 6770 6918 7624 7632 7809 7833 7855
319 193 6442 6505 6570 6715 6774 6860 6913 6930 7021
335 48 6634 7074 7443 7497 7587 7688 7795
336 28 6595 7450
346 27 6784
364 11 6458
371 117 7277 7422 7478 7795 7809
395 37 6869 6934 6976 7115 7414 7795 7890
406 33 6555 6624 6774 6979 7094
425 49 6599 6725 6770 6832 6833 6855 7054 7108 7351 7422 7442 7587 7632 7707
432 155 6780 6832 6875 7443 7813 7862
434 6 6832 7351 7381
457 640 6417 6432 6437 6441 6442 6458 6481 6496 6498 6505 6528 6552 6554 6576 6589 6594 6595 6600 6613 6632 6665 6665 6699 6715 6720 6739 6770 6774 6780 6783 6784 6788 6803 6832 6840 6860 6869 6873 6875 6897 6901 6907 6913 6930 7021 7073 7092 7094 7237 7238 7279 7280 7341 7351 7381 7389 7400 7414 7450 7478 7544 7561 7587 7624 7649 7662 7757 7791 7810 7833 7835 7860
469 8 7131
544 2 6458
545 25 6560 7620 7620 7646
546 107 6523 6576 6715 6784
580 28 6784 7092 7144 7400 7587 7662
600 171 6833 6946 7050 7115
633 48 7587
634 106 6869
637 26 6833
643 44 6589 6934
646 15 7862
658 6 6458
663 133 6634 6634 6784 7809
667 18 7553
668 2 6897
691 24 6930
695 87 6437 6634 6634 6770 7809
697 85 6784 6873 7809
722 124 6784
737 120 6417 6442 6496 6576 6595 6618 6624 6665 6770 6780 6784 6832 6875 6897 6913 6930 6934 6946 6946 6946 6976 6979 7012 7063 7115 7116 7233 7341 7351 7373 7422 7450 7517 7553 7618 7620 7632 7649 7651 7694 7778
742 85 6624 6712 6832 7214 7277 7662 7707 7795 7803 7809
749 62 6498 7115 7587 7618 7632 7778
762 42 7378 7587 7620 7620 7632 7809
763 45 7813 7862
766 709 6417 6432 6437 6441 6442 6458 6481 6496 6501 6505 6528 6554 6555 6566 6570 6576 6589 6594 6595 6600 6624 6632 6665 6699 6715 6739 6770 6774 6783 6784 6790 6832 6860 6869 6873 6901 6907 6930 6934 6946 6976 6980 7005 7012 7021 7052 7063 7092 7101 7115 7116 7119 7143 7144 7168 7214 7237 7238 7277 7280 7341 7381 7400 7414 7443 7450 7478 7510 7561 7618 7624 7632 7646 7649 7651 7662 7683 7694 7695 7699 7707 7726 7757 7763 7778 7788 7795 7809 7813 7855 7860 7862 7871 7879 7882 7890
789 209 6481 6505 6606 6715
791 29 6417 6566 6914 7899
805 82 7862
825 139 6590 6600 7809 7839
840 7 6618 6784 6790 7063
850 4 7400 7632
852 25 7632
854 56 6496 6715 7092 7890
856 30 6720
886 2 7699
896 25 6780 6934 6979 6979 7094
909 6 6789 7422 7478
935 19 6875
948 26 6832 6907 7624
967 12 6918 6946
968 5 7890
988 257 6618 6634 6737 6946 6980 7233 7391 7620 7810 7835
993 233 6498 7063
996 279 6432 6437 6441 6498 6566 6599 6780 7047 7094 7108 7373
1003 17 7073 7115 7699
1009 43 6417 6665 7225 7400
1010 6 6417 7400
1032 34 6833
1037 50 6833
1041 31 6715 6934 7052
1042 38 6560 6595 6686 7073
1043 20 7073 7115
1051 48 6496 6498 6955 7778 7890
1055 139 6523 6599 6665 7047 7478 7497 7707 7726
1063 29 6832 7021 7052
1064 14 6589
1074 75 6441 6481 6491 6496 6498 6501 6505 6528 6554 6570 6595 6599 6600 6613 6632 6663 6665 6699 6700 6739 6769 6770 6788 6860 6869 6873 6892 6897 6930
1075 59 7131
1097 93 7450
1098 260 6555 6624 6665 6712 6714 6736 6739 6765 6765 6783 6784 6789 6790 6855 6860 6913 6934 6946 6953 6955 6976 6979 6980 7012 7021 7052 7063 7094 7131 7233 7277 7351 7378 7381 7391 7414 7478 7553 7553 7587 7618 7620 7620 7646 7651 7662 7707 7763 7810 7833 7879
1132 42 7108 7699
1133 282 6833 7040 7092 7833 7890
1142 28 7073 7115
1151 460 6437 6458 6481 6496 6528 6552 6555 6560 6589 6594 6600 6632 6715 6784 6832 6869 6873 6897 6914 6955 7005 7012 7021 7050 7063 7092 7115 7119 7143 7144 7277 7280 7341 7414 7649 7763 7788 7795 7809 7813 7835 7855 7862 7871 7879 7882 7890
1164 23 7809
1166 318 6437 6496 6505 6570 6589 6599 6715 6784 6832 6918 7092 7168 7662 7809
1185 25 6790 7040
1200 92 7707 7879
1204 58 6980
1210 221 6498 6560 6715 6790 6860 6901 6930 6934
1215 40 6437 7632 7835
1241 33 6869
1267 61 6496
1284 18 6875
1286 55 6875
1305 227 7108
1319 185 6496 6789
1353 24 7131
1356 18 6770
1359 2 7168
1365 7 6790 6914 7795
1374 385 6496 6523 6555 6555 6560 6624 6774 6783 6784 6789 6790 6803 6855 6875 6914 6918 6934 6946 6980 7005 7021 7047 7052 7054 7059 7088 7092 7094 7108 7214 7233 7237 7277 7280 7295 7301 7351 7373 7378 7386 7391 7400 7443 7510 7512 7529 7544 7561 7587 7620 7620 7632 7646 7649 7651 7683 7699 7707 7726 7763 7788 7795 7803 7809 7813 7855 7860 7862 7871 7879 7882 7890
1385 24 6833 7351 7478 7694 7699 7890
1395 192 6790 7649
1428 159 7005
1470 115 6458 6552 7092
1471 45 7855
1473 70 6833 7115 7890
1496 190 6458 7005 7632 7890
1498 4 7651
1507 2 6576
1522 90 6462
1539 3 7673 7855
1542 237 6417 6481 6496 6505 6528 6555 6570 6576 6589 6594 6595 6624 6634 6832 6914 6955 7012 7021 7052 7115 7301 7381 7414 7478 7649 7662 7757 7763 7795 7809 7855 7862
1548 2 6555
1549 522 6442 6624 6634 6790 6832 6897 7115 7168 7237 7478 7510
1565 7 7862
1608 344 6770 6774 7882
1612 5 6780 7042
1613 12 7839
1621 76 7021 7052 7386 7620
1623 36 6496
1644 46 6437 6498 6599 6765 7839
1647 15 6784 7131
1658 5 7871
1661 36 6600 7092
1667 32 7795
1674 7 7005
1688 24 6496
1691 47 6555 6914 7115 7862 7871
1701 98 6496 6624 6770 6833 6869 7131 7381 7763 7795 7855
1707 29 7632
1717 98 6599
1720 13 7860
1722 14 7587
1733 40 6481 6774 7143 7632 7699
1734 47 6553 7632 7651
1748 37 6442 6634 7809 7890
1762 37 6560 6613 6632 6665 6699 6700 6770 6809 6833 6850 7047 7647
1767 75 6437 6496 7131
1769 64 7478 7683
1783 58 6553
1789 11 7833 7871
1796 38 6505 6552 6560 6560 6736 6739 6774 6832 7094 7168
1799 42 6555 6595 6665 6715 7012 7809
1800 20 6496 6715
1811 37 6699 7092 7587
1813 33 7279
1814 79 7553 7699
1816 10 7620
1823 45 6715 6860 6979 6979 7116 7707
1835 55 6437 6833 6930 7115
1847 46 6552 6566 7168
1879 13 6417 6442 6765 7414 7422 7624
1896 50 6699 7144 7553 7707
1924 2 6789
1951 26 6481 6505 6632
1972 184 6437 6441 6458 6501 6552 6589 6594 6600
1982 26 6712 6869 6948 6994 7553 7553 7620 7839
1990 29 6501 6552 6570 6599 6613 6739
1995 3 7497
2001 37 7012
2003 42 6918 7233 7279 7301 7860
2009 46 6624
2010 11 7803
2037 6 6481
2059 3 6907 6980
2062 118 7478
2067 3 6914 7763
2110 3 7890
2113 5 7561
2120 56 6980 7277 7632
2135 143 6496 7587 7632
2144 17 7632
2145 134 6437 6441 6498 6554 6634 6784 6855 6901 7279 7632 7699 7757
2153 4 7168
2174 49 6498 7620
2186 57 6832 6913 7073 7108
2192 3 6914 7803
2196 3 7890
2215 12 7108
2223 13 7553
2226 23 6634 7890
2233 34 7695
2237 254 6624
2240 106 6567 6576 6634 6774 6832 6913 7517 7620 7651 7662
2249 38 6417 6503 6599 6736 6913 6976 7295 7301
2256 125 6432
2258 90 6595 6790 7119 7143 7373 7422 7478 7810
2264 51 6458 6554 6594 6784 6833 7115
2276 21 6725 7059 7478 7490 7632 7839
2285 16 7478
2297 150 6437 6442 6566 6914 7168 7341 7587 7632
2299 65 6832 7021 7092
2328 205 6576 6665 6770 6774 6783 6832 7131 7400 7414 7553
2330 2 6914
2369 134 6458 6566 6576 6632 6634 6665 6725 6875 6955 7088 7092 7116 7168 7214 7238 7279 7389 7512 7620 7632 7649 7810 7839 7855 7860 7862 7871
2371 93 7561 7632
2376 22 6437 6441 6774
2381 37 6498
2384 65 6624 7694
2387 52 7143 7144 7561
2410 27 7632
2440 43 6699
2452 29 6417 6555 6784 6832 7005 7116 7414 7587 7632 7662
2456 31 6437 6458 6570 6576 6589 6770 7115 7624
2458 7 6442 6600
2481 8 6634 6955 7649
2485 286 6417 6600 6780 6832 6875 6897 6914 6934 6976 7092 7351 7400 7422 7478 7510 7561 7624 7649 7795 7809 7833 7855 7862 7890
2493 5 6505
2502 22 6833 7115
2504 82 7839
2506 28 7778 7860
2511 4 7649
2516 36 6481 6589 6634
2518 4 7115
2523 5 7890
2524 4 7803
2544 9 7553
2545 7 6437 6458
2547 64 6481 6566 6699 7115
2549 63 7092 7131
2552 3 7005
2560 89 6422 6523 6560 6665 6918 6980 7052 7277 7400 7443 7649 7651 7695 7699 7778 7788 7809 7813
2564 49 6437 6442 6600 6833 6897
2565 827 6417 6422 6442 6496 6503 6523 6523 6555 6560 6560 6613 6618 6624 6634 6634 6665 6712 6714 6720 6737 6759 6770 6774 6780 6783 6789 6790 6832 6833 6855 6860 6869 6873 6875 6897 6901 6907 6913 6914 6918 6930 6934 6945 6946 6946 6946 6948 6953 6955 6976 6979 6979 6980 6993 7005 7012 7021 7047 7052 7054 7063 7073 7088 7092 7094 7101 7108 7115 7116 7119 7131 7143 7144 7214 7225 7233 7237 7238 7277 7279 7280 7295 7301 7341 7351 7373 7378 7381 7386 7389 7391 7400 7414 7422 7443 7450 7478 7510 7512 7517 7529 7544 7553 7553 7561 7618 7620 7620 7624 7632 7646 7649 7651 7662 7683 7694 7695 7699 7707 7726 7757 7763 7778 7788 7795 7803 7809 7810 7813 7833 7835 7839 7855 7860 7862 7871 7879 7882 7890
2576 138 6437 6523 6552 6918 6980 7052 7120 7443 7620 7699 7757 7763 7809 7871 7882
2595 42 6437
2599 9 7632
2605 58 6501 6552 6600
2619 44 6784 6790 6914 6955 6980 7021 7092 7277 7381 7809
2620 26 6555 6560 6560 6765 6833 6850 6901 7040
2621 8 6481 6770 6789
2623 47 6523 6994
2646 30 6599
2651 216 7632
2655 30 6715 7063
2658 231 6417 6422 6442 6523 6555 6596 6665 6737 6907 6976 6979 7005 7012 7021 7054 7063 7088 7092 7116 7131 7233 7237 7279 7341 7351 7373 7378 7381 7391 7400 7414 7422 7450 7478 7497 7510 7512 7529 7561 7587 7620 7624 7647 7651 7683 7694 7695 7726 7778 7810 7813 7835 7855 7860 7862 7871 7879 7882 7890
2660 148 6417 6553 6594 6833 6869 6873 7063 7115 7809 7855
2667 93 6432 6437 6441
2674 83 6501 6599 7073 7381
2677 37 6624 6736 6790 6832 6913 6930 6946 6946 6953 6979 7040 7073 7301
2688 516 6458 6501 6505 6576 6589 6595 6599 6600 6624 6632 6665 6700 6739 6783 6803 6855 6869 6873 6897 6901
2689 34 6833 7874
2693 132 6496 6566 6595 6613 6790 6855 6869 6901 6955
2694 17 7618 7620 7862
2697 45 6976
2699 63 6458
2707 100 6784 6913 6976 7301 7647
2738 3 7423
2765 30 6441 7047 7649
2774 45 6437 6832 7510 7632 7795
2775 36 6437
2790 145 6833 6869 6945 6953 7040
2793 6 7073
2819 12 6780
2831 39 6913
2833 7 7561
2834 2 6784
2839 5 6417 6442 7422
2851 45 6437 6442 6725 6832 6850 6875 6955 6980 7553 7553 7871
2855 13 6552 6594 6790
2886 3 7694
2889 11 6790
2907 2 7632 7809
2908 11 7301 7620 7632
2909 51 6594 6774 6832 7168
2931 2 7316
2932 50 7301
2936 5 7517
2940 91 6496 6505 6595 6600 6780 6784 6897 7012 7116 7277 7301 7389 7618
2941 6 7054
2958 48 7620
2972 271 6441 6458 6481 6501 6503 6505 6528 6554 6566 6570 6576 6589 6594 6600 6632 6699 6736 6774 6855 6860 6869 6930 6946 6955 7101 7115 7119
2981 36 6555 6774 7381 7632 7778
2983 18 6618 6634 6737 7391 7810 7833
2988 56 6832
3000 31 6599 6715 6832
3010 118 6441 6770 6783
3015 30 6481 6594 6784 6869
3021 5 6481 7890
3024 47 6599
3027 31 6458 6498 6554 6576 6600 7450 7478
3032 205 6432 6437 6501 6566 6599 6600 6737 6770 6774 6784 6833 6897 6918 7054 7378 7478 7587 7620 7620
3056 34 6595
3057 36 6780 6833 7092 7301 7649 7833 7890
3063 2 7735
3073 33 6907 6918 7632
3084 52 6560 6833 6869 6980 7277 7280 7443 7649 7788 7803 7809
3088 24 6699 7810 7879
3090 10 6784
3092 52 6600 6774 7092 7168 7699 7855
3106 5 6458 7108
3142 41 6618 6634 6737 6759 6875 6946 7389 7391 7553 7620 7791 7810
3227 20 7587 7810 7862
3238 22 6833 7624 7632 7809 7855
3258 69 6897
3274 60 6421 6560 7021 7092 7277 7351 7763 7809
3291 56 6432
3293 8 6665 6715 6955
3297 39 6618 6634 6918 7021 7063 7092 7860
3310 18 6523 6523 6560 6560 6780 6784 7063 7391 7587
3320 2 7442
3321 16 7694
3334 11 7381
3345 36 6458 6496 6498 6528 6570 6600 6632
3348 16 6498 6634 7092 7442 7809
3366 31 6914 7115
3367 3 7400
3378 37 6934 7694
3380 33 6918 6946 7809
3381 177 6417 6432 6441 6442 6498 6501 6566 6594 6595 6599 6600 6624 6632 6699 6712 6715 6720 6736 6770 6774 6783 6784 6790 6832 6855 6860 6869 6873 6897 6901 6907 6913 6918 6930 6934 6945 6948 6955 6976 7021 7052 7073 7088 7094 7101 7108 7115 7119 7143 7144 7214 7237 7279 7280 7295 7301 7373 7378 7381 7414 7422 7443 7450 7478 7510 7512 7529 7618 7624 7632 7646 7647 7651 7662 7694 7695 7726 7757 7788
3392 26 7620
3393 10 6774
3394 121 7620
3404 73 6555 7092 7624 7833
3439 69 6501 6600 6632 6699 6860 6930 7632
3445 15 6784
3447 214 6481 6501 6505 6555 6576 6600 6618 6634 6714 6720 6784 6832 6873 6907 6913 6914 6934 6946 6955 6979 7012 7021 7052 7092 7101 7144 7381 7414 7510 7662 7694 7813 7833
3449 306 6432 6576 6869 7757
3453 241 6481 6496 6505 6528 6554 6699 6770 6832 6875 7238 7624 7632
3456 250 6437 6458 6481 6496 6498 6523 6523 6560 6560 6595 6736 6832 6869 6907 7168 7214 7225 7393 7400 7414 7450 7553 7620 7620
3457 97 6505 6833 7115 7237 7400 7561
3458 61 7618 7855
3459 73 6481 6576 6699 6832 6869 7116 7301 7809
3460 17 7510 7855 7879
3462 36 6501 6632
3466 12 7088
3478 42 6458 6918 7115
3479 83 6739
3498 96 6918 7054 7478 7587 7632 7726 7882
3499 1 7803
3508 7 6496
3521 23 7757
3522 53 6553
3525 13 6855
3527 47 6560 7108 7214
3535 5 6437
3538 1 6720
3545 2 7890
3562 38 6832 7632
3571 39 6875 6976 7233 7809
3576 5 6855
3585 2 6505
3586 135 6464 6481 6501 6505 6555 6613 6665 6715 6770 6780 6784 6832 6875 6907 6913 6930 6934 6942 6976 6979 7012 7021 7063 7092 7119 7143 7144 7168 7237 7301 7351 7381 7400 7414 7436 7587 7632 7651 7662 7726 7795 7809 7835
3587 4 6869
3593 26 6736 7101 7115 7143 7144
3600 6 6417 7478
3601 41 7620 7632
3607 24 6715 6770 6833 7143 7168
3614 187 6715 6875 7092
3615 113 7683
3631 70 6918 7391 7553
3634 57 6441 6481 6784 6875 6976 7301 7561
3641 194 6417 6498 6560 6613 6739 6770 6783 6855 6860 6869 6897 6901 6930 6934 6948 6955 7092 7108 7632
3642 291 6417 6437 6441 6458 6481 6496 6501 6503 6505 6523 6523 6528 6552 6554 6566 6570 6576 6589 6594 6595 6600 6613 6624 6632 6665 6699 6700 6714 6715 6720 6739 6765 6770 6774 6783 6803 6832 6855 6860 6869 6873 6897 6901 6913 6914 6918 6924 6924 6930 6934 6934 6946 6948 6953 7047 7052 7054 7092 7094 7108 7115 7131 7168 7185 7225 7233 7295 7351 7373 7378 7442 7478 7497 7510 7587 7620 7620 7632 7809
3655 7 6918
3658 38 6624 6790 7512
3662 4 7512
3665 13 6790 6946
3683 7 7478
3691 70 6498 6665 6833 6897 6934 6945 7047 7054 7378 7422 7450 7497 7587 7632 7809
3709 7 6595
3723 7 7587 7632
3728 71 7855
3747 3 6737
3752 15 7063 7662
3764 6 6790 6955
3770 9 6784 7214
3772 1 6930
3775 10 6979
3786 72 6567 6833 7632
3787 233 6560 6613 6634 6720 6934 6948 6979 7047 7054 7225 7277 7280 7378 7391 7422 7478 7497 7517 7529 7544 7587 7620 7632 7699 7726 7788 7810
3788 2 7809
3792 19 6832 7073
3794 44 6832
3798 18 6875
3803 8 7101 7115
3806 31 6566
3809 4 6634 6634 6634
3812 32 6946
3813 72 6832 6833 7168 7632 7839
3814 24 6624
3835 26 6532
3854 79 6699
3877 10 6784 7092
3910 14 6918 7478 7587
3916 25 6555 7063
3932 4 6458
3956 55 6505 6570 7063 7632 7651
3958 16 6554 6774
3960 11 6560
3965 79 6496 6552 6566 6832 6976 7101 7422 7620 7632 7788 7809
3969 58 6481 6496 6665 6715 6860 7214 7553 7624 7833
3982 17 6869 7115 7809
3985 26 6496 6553 7855
3995 53 6576
4036 139 6417 6437 6566 6665 6780 6869 6907 6918 6946 7101 7381 7400 7414 7587 7699 7860
4040 71 6914 6934 6980 7005 7233 7280 7351 7443 7662 7788 7809 7871
4045 244 6432 6437 6441 6481 6496 6501 6505 6528 6552 6554 6566 6570 6576 6589 6594 6600 6624 6632 6699 6725 6774 6790 6901 6930 7073 7101 7108 7115 7119 7143 7144 7214
4046 40 6596 6714 7088 7092 7168 7373 7381 7400 7683 7890
4065 104 6528 6560 6699 6770 6832 7280 7351
4071 15 6930 7092 7632
4073 90 6437 6481 6505 6570
4076 52 6720 6770 7063
4099 101 6437 6481 6505 6566 6770 6913 6934 7632
4110 4 6914 7553 7803
4116 8 7050 7632
4124 27 7478
4126 2 6624
4134 2 6600
4140 10 6715 6739 7233
4144 38 6634 6725
4151 79 6600 6914 7115 7280 7443 7553 7862
4162 15 6496 7620 7632 7871
4164 3 6907
4169 4 6613 6832
4175 7 6498
4187 8 6422
4191 14 7632
4192 7 6736 6873 7094
4200 4 7144
4211 39 7237
4221 41 6720 6774 6869 6934 7063 7510 7699 7778
4224 5 6875
4257 2 6417
4266 11 6833
4273 19 6613 6715
4297 32 6699 7168 7620 7620 7632
4310 225 6432 6437 6481 6505 6523 6555 6570 6576 6613 6665 6715 6720 6774 6784 6832 6860 6869 6907 6913 6945 6946 6946 6946 6979 6980 7012 7021 7052 7054 7063 7073 7101 7115 7116 7119 7143 7144 7168 7214 7237 7238 7277 7351 7378 7381 7400 7450 7497 7587 7618 7651 7707 7778 7795 7813
4314 3 6594
4318 2 6914
4326 5 6869
4335 28 6980 7021 7632
4338 11 6833
4347 33 6918 7021 7063 7341 7620 7778 7879
4353 69 6780 7092 7301 7809
4361 2 7115
4364 14 6422 6737
4398 8 7092 7561 7757
4401 5 6897
4409 6 6496 7890
4422 7 7108
4435 2 6770
4437 33 6442 6624 6907 6955 6976 7073 7115 7237 7301 7373
4441 186 6437 6458 6505 6523 6528 6554 6555 6570 6576 6712 6934 6980 7005 7012 7021 7108 7116 7238 7277 7279 7280 7443 7544 7618 7620 7620 7624 7632 7646 7649 7662 7683 7695 7699 7707 7726 7763 7788 7795 7809 7810 7813 7855 7862 7879 7882
4447 12 6422 7561 7862
4451 6 6833 7115 7862
4455 16 6832 7108 7632
4456 3 7351
4483 137 6417 6481 6505 6555 6596 6618 6634 6665 6715 6720 6739 6774 6784 6873 6914 6934 6946 6955 6979 6979 7012 7021 7092 7237 7280 7373 7381 7414 7553 7553 7624 7632 7651 7662 7694 7809 7833 7862 7890
4485 11 7809
4488 35 6618 6634 7021 7238 7833
4496 2 7351
4507 2 6634
4524 7 7144 7279
4527 6 7257
4530 6 7632
4532 6 7478 7862
4534 16 6914 7005 7879
4536 58 6720 6790 6907 7168 7378 7632 7649
4550 81 6523 6600 6765 6945 6948 6953 6955 6979
4558 1 7757
4574 37 6624 7632
4587 25 6566
4598 34 6523 6599 6715 7478
4604 3 7624
4616 6 6930 7632
4626 5 6780
4632 202 6437 6441 6458 6481 6498 6523 6555 6589 6595 6599 6618 6634 6634 6665 6737 6780 6860 6875 6914 6933 6934 6946 6948 6955 6976 6979 7005 7021 7052 7073 7092 7094 7143 7295 7341 7373 7381 7391 7510 7587 7618 7624 7646 7695 7699 7726 7795 7809 7810 7813 7833 7839 7855 7871 7882
4647 9 6907
4653 80 6505
4661 19 6555 7855 7882
4662 44 6624 6665 6774 6946 7073 7143 7620 7699
4666 23 6780 7012 7063 7860
4669 9 6442 6736 6913
4673 68 6432 6441 6458 6481 6498 6501 6505 6528 6552 6554 6570 6576 6589 6594 6595 6600 6632
4681 10 7092
4687 19 6498 6613 6789
4709 24 6458 7119 7510 7871 7890
4712 91 6498 6501 6566 6715 6833 6855 6860 6942 6955 7054 7088 7092 7144 7168 7214 7237 7279 7373 7422 7478 7587 7632 7699 7707
4717 57 6555 6560 6576 6832 6979 7131 7277 7381 7618
4725 33 6503
4739 11 7478
4748 19 6594 6599 6739
4756 32 6560
4760 5 7119
4764 52 6442 6560 6665 6715 6784 6832 6901 7092 7143 7233 7279 7373 7662
4767 10 6566 6715 6832
4771 2 7277
4781 28 6458 7012
4786 3 7879
4788 15 6618 6737 6783 7021 7389 7649 7879
4789 2 7879
4792 45 6665 6700 6783 6832 6869 7092 7280 7414 7632 7788 7809
4793 2 6869
4795 66 6432 6474 6628 6634 6736 6913 6914 6979 6980 7012 7074 7101 7108 7351 7391 7699 7809 7839 7860
4813 45 6441 6458 6481 6498 6505 6576 6589 6715
4814 16 6422 6503 7301
4824 88 6720 6784 6913 6976
4828 105 6422 6432 6481 6503 6567 6613 6624 6665 6665 6765 6783 6790 6832 6850 6855 6860 6869 6901 6913 6930 6955 6994 7373 7414 7553 7587
4829 57 6699 6720 6873 7012 7624
4833 6 6595 6790
4843 12 6790
4879 20 6665 6907 7279 7378 7414 7553 7561 7587
4883 4 6770
4884 4 7632 7882
4889 1 7809
4899 160 6441 6458 6481 6498 6554 6715 6739 6832 6946 7373 7381 7809 7810 7860 7890
4915 5 6503 7414
4924 9 6913
4926 5 6634
4933 3 6774
4934 6 6784
4943 31 6784 6832 6913 6914 6976 6980 7063 7092 7301
4948 194 6481 6555 6618 6665 6737 6780 6875 6907 6914 6946 7005 7052 7054 7092 7233 7238 7279 7341 7389 7391 7400 7414 7443 7510 7561 7632 7694 7695 7726 7778 7810 7833 7855 7860 7862 7871 7882 7890
4960 8 6437 6505
4964 51 6770 7101 7214
4966 25 6472 7047 7624 7699
4967 317 6432 6437 6441 6458 6481 6496 6501 6505 6523 6528 6552 6554 6570 6589 6594 6595 6599 6600 6624 6632 6634 6699 6715 6720 6770 6774 6783 6784 6790 6860 6869 6873 6897 6901 6930 6945 6946 6955 6976 7021 7101 7115 7119 7143 7144 7168 7214 7561
4970 6 6437
4974 41 6665 6832 6913 7414 7624 7803
4976 20 6505
4981 49 6555 6774 6790 7021 7063 7092 7341 7510 7553 7587 7833 7862 7879 7882
4983 4 7860 7862
4988 22 6918 7632
4992 4 7279
4994 17 6832 6869 7381 7414 7649 7809 7813
5002 116 6481 6501 6552 6555 6594 6600 6618 6715 6720 6774 6784 6832 6914 6946 6948 6979 6979 6980 7052 7092 7115 7119 7143 7144 7186 7301 7373 7414 7442 7553 7553 7620 7620 7652 7662 7763 7809
5009 14 6855
5012 6 6613
5015 9 7620 7646 7810
5016 8 6914 7092 7890
5020 45 7478 7632
5022 173 6417 6424 6432 6441 6474 6498 6501 6511 6523 6528 6552 6553 6554 6555 6566 6576 6594 6595 6599 6600 6628 6632 6634 6661 6663 6665 6715 6720 6725 6755 6765 6769 6770 6783 6788 6789 6790 6803 6833 6850 6855 6860 6890 6897 6930 6933 6934 6938 6945 6948 6953 6955 6979
5024 4 7092
5028 40 6498 6665 6784 6907 7047 7052 7092 7115 7116 7618 7620 7632 7809
5037 18 7871
5038 5 6632
5048 5 6869
5051 8 7855 7862 7890
5053 53 6496 6712 6780 6832 6897 6907 6934 6955 6980 7088 7116 7381 7561 7587 7620 7620 7624 7632 7651 7662 7871 7890
5054 2 7119
5059 15 6634 6784 6913 6946 7040 7052 7094 7143 7301
5067 2 6720
5068 10 7381
5070 3 7778
5079 240 6417 6422 6432 6437 6481 6505 6523 6552 6555 6560 6566 6576 6594 6618 6632 6665 6665 6699 6714 6715 6720 6736 6739 6765 6774 6784 6832 6833 6855 6897 6913 6934 6946 6948 6976 7047 7108 7238 7295 7478 7553 7632 7699 7810
5096 14 6442 7238 7833
5098 2 6784
5102 48 6442 6552 6875 6918 6980 7115 7168 7201 7225 7280 7561 7618 7620
5103 118 6417 6441 6442 6501 6503 6554 6555 6566 6599 6600 6624 6720 6780 6790 6832 6833 6869 6875 6897 6914 7005 7052 7052 7073 7074 7108 7115 7116 7233 7237 7280 7295 7391 7414 7443 7510 7512 7529 7544 7553 7587 7618 7624 7647 7649 7651 7694 7726 7810 7813 7835 7862 7890
5106 24 6832 6875 6980 7280 7297
5110 84 6417 6422
5121 9 6599
5123 60 6498 6566 6715 6784 7632 7726 7809 7860
5125 16 6528
5140 50 6505 6528 6552 6554 6566 6570 6576 6589 6594 6599 6600 7378 7587 7810
5143 8 6665 6907 6913 7651
5162 4 7553
5166 41 6496 6555 6832 6897 6930 7021 7063 7092 7119 7131
5171 40 6481 6576 6720 6739
5172 18 7871
5173 121 6523 6555 6560 6560 6634 6665 6736 6777 6789 6806 6832 6907 6918 6946 6946 6976 6979 7040 7052 7052 7054 7060 7073 7074 7092 7108 7119 7146 7225 7238 7279 7295 7301 7351 7373 7378 7389 7400 7414 7422 7497 7512 7529 7553 7553 7620 7632 7647 7810
5177 92 6437 6441 6481 6505 6523 6528 6560 6576 6613 6665 6665 6774 6934 6979 7414 7620 7620 7632
5178 15 6496 6715
5179 212 6432 6523 6560 6560 6560 6599 6600 6618 6634 6634 6634 6665 6714 6715 6765 6784 6832 6855 6860 6907 6913 6918 6945 6946 6948 6979 7047 7054 7088 7092 7144 7233 7237 7373 7517 7544 7553 7587 7620 7620 7632 7646 7662 7683 7699 7839
5181 29 6437 6566
5185 120 6432 6458 6481 6496 6501 6505 6595 6600 6613 6632 6665 6699 6720 6739 6770 6783 6784 6832 6855 6860 6869 6873 6897 6930 6933 6938 6945 6953 6955 7301 7414
5188 211 6458 6496 6501 6503 6528 6552 6554 6555 6560 6560 6566 6570 6576 6589 6594 6600 6613 6624 6632 6665 6699 6715 6770 6774 6783 6784 6790 6803 6832 6833 6855 6860 6869 6873 6897 6901 6913 6918 6930 6945 6955 6976 7063 7073 7092 7101 7115 7119 7143 7144 7168 7233 7301 7553 7695 7788 7795 7835
5189 237 6417 6437 6441 6458 6481 6523 6553 6555 6560 6566 6594 6613 6618 6634 6665 6715 6774 6784 6832 6855 6897 6913 6918 6946 6946 6946 6979 7021 7052 7092 7094 7101 7115 7131 7214 7373 7378 7414 7478 7618 7624 7632 7662 7683 7695 7699 7809 7813
5190 56 6700
5193 15 6498 6505 6553 6595
5194 9 6737
5196 29 6505 6665 6832 7279 7414 7561 7632 7646
5199 19 6560 6599 7012 7279 7378 7587 7649 7809
5200 14 6979 7021
5201 12 6665 6980 7021 7478 7632 7855
5215 7 6832 7279 7414
5217 17 6442 6832 6907 6934
5226 13 6634 7726
5233 19 6780 6914 7092 7301 7862
5246 29 6599 6832 6976 6993 7301 7620
5247 2 6737
5248 2 6458
5254 34 6496 6566 6628 6707 6765 6832 6840 6860 6946 7144 7620 7620 7632 7835 7890
5262 35 6553 6570 7707
5273 12 7021 7632 7839
5285 20 6765
5289 5 7092
5295 23 6599 7225 7620 7620 7632 7809 7839
5301 42 6505 6599 6715 6860 7351 7381
5306 1 7092
5316 22 6496 6774 6913 7021 7662
5321 13 6632
5332 6 6833
5342 22 6618 6913 6979 7012 7021 7063 7632 7726 7778 7809
5360 9 6474 6567
5378 13 6737 6780 6946
5386 3 7512
5391 14 6790 7809
5401 3 6976 7301
5404 13 6715 7620 7646 7699
5423 36 6432 6441 6481 6496 6570 6832 7381 7646 7809
5430 6 6833
5432 3 6784
5439 39 6437 6458 6481 6498 6715 6783 6790 6855 6930
5445 39 6555 6560 6665 6715 7021 7047 7088 7131 7277 7280 7301 7651 7699 7707 7860
5446 21 7047 7088 7279 7512 7699 7809
5452 18 6860 7073 7115
5454 19 6634 6832 7373 7381
5455 7 6576 6600
5456 1 6833
5466 1 6634
5472 15 6458 7073 7510 7809
5479 12 6832 7809
5482 12 6790
5484 18 6790
5485 13 6784 7386
5487 23 6914 7839
5489 10 6833 6869 7092 7115 7553 7890
5524 402 6417 6422 6437 6441 6458 6481 6496 6501 6503 6505 6523 6523 6528 6552 6554 6555 6555 6560 6560 6560 6566 6570 6576 6589 6594 6600 6613 6618 6624 6632 6634 6634 6634 6665 6665 6699 6712 6714 6715 6736 6765 6765 6770 6774 6780 6784 6789 6790 6832 6833 6850 6855 6860 6869 6873 6875 6892 6897 6901 6907 6913 6914 6918 6930 6934 6934 6945 6946 6946 6946 6955 6976 6979 6979 6980 6993 7005 7012 7021 7040 7047 7052 7054 7059 7063 7073 7074 7088 7092 7094 7101 7108 7115 7119 7131 7143 7162 7168 7185 7186 7214 7225 7233 7237 7277 7279 7280 7295 7301 7304 7341 7351 7362 7373 7378 7381 7386 7391 7393 7400 7414 7422 7436 7442 7443 7450 7478 7497 7510 7512 7529 7544 7553 7553 7557 7587 7588 7588 7618 7620 7620 7624 7632 7646 7649 7651 7662 7683 7694 7695 7699 7707 7726 7740 7757 7763 7788 7795 7809 7810 7833 7835 7839 7855 7860 7862 7871 7879 7882 7890
5529 31 6955 6979 6979 7092 7144 7214 7443 7510 7553 7618 7649 7699 7809 7813 7860 7890
5531 224 6417 6437 6441 6442 6458 6481 6496 6498 6501 6505 6528 6552 6553 6560 6560 6566 6567 6576 6589 6594 6599 6600 6632 6634 6634 6665 6699 6715 6720 6723 6736 6774 6777 6783 6790 6803 6832 6833 6850 6855 6860 6869 6897 6901 6907 6913 6930 6946 6946 7052 7054 7073 7088 7094 7108 7115 7143 7149 7351 7373 7378 7414 7422 7450 7478 7510 7512 7561 7587
5532 16 6566 6833 6869
5543 128 6570 6589 6594 6624 6774 6784 6790 6832 6855 6860 6869 6873 6897 6901 6930 6953 6955 7040 7063 7092 7101 7119 7131 7143 7279 7373 7414 7478 7510
5549 7 6770 6790
5550 12 6946
5551 8 6481 6634 7391 7624
5552 8 6833 6869
5553 36 6496 6624 6780 6860 6914 6930 7119 7813
5563 2 7882
5582 105 6432 6437 6441 6458 6481 6496 6505 6528 6554 6566 6570 6576 6613 6624 6634 6665 6699 6715 6720 6739 6774 6783 6784 6833 6855 6913 6955 6976 7073 7108 7119 7143 7144 7214 7301 7306
5584 12 6576
5590 4 7879
5591 21 6417 6566
5596 11 6496 6725 6783 7108
5604 5 6765 6945
5605 10 7632 7862
5608 14 6783
5612 38 6528 6553 6600 6715 6739 7683
5614 5 6780
5616 12 7108 7214
5617 7 6595 7632
5620 6 7092 7688
5624 20 6600
5630 31 6441 6505 6665 6860 6901 6930 7131
5646 1 6953
5655 48 6505 6555 6699 6755 6790 6832 6833 6976 7063 7116 7214 7237 7362 7510 7632 7695 7763
5658 10 6980 7699 7726
5691 49 6571
5692 19 6560 6624 6634 6634 6765 6784 6855 6913 7143
5696 49 6432 6441 6458 6496 6599 6613 6634 6665 6700 6720 6739
5697 219 6417 6432 6437 6441 6458 6474 6481 6496 6501 6505 6523 6528 6552 6554 6560 6570 6576 6595 6613 6624 6632 6634 6634 6663 6665 6699 6715 6739 6770 6774 6783 6790 6803 6855 6860 6869 6873 6897 6901 6930 6955 6979 7052 7094 7101 7115 7119 7144 7185 7214 7362 7393 7620 7620 7810
5702 10 7855
5714 42 6437 6458 6481 6833 6930 7115 7168
5720 3 6783
5721 8 7115 7119 7143 7144
5731 2 6528
5738 12 6624 6774 6875 7040 7391
5739 37 6554 6624 6774 6833 6869 6901 6934
5741 9 7295
5753 4 6528 6554
5760 3 6832
5761 8 6736 7279
5763 4 6699
5768 11 6576 6599 7391 7620
5769 4 6634
5772 10 7168
5773 63 6560 6624 6634 6774 6850 6855 6873 6913 6914 6934 6955 6976 7021 7040 7047 7059 7092 7094 7101 7119 7143 7144 7185 7414 7632 7662 7839 7855 7890
5775 39 6458 6914 6946 7115 7277 7378 7510 7632 7813 7835 7855 7862 7871 7874 7882 7890
5776 9 7237 7391 7553
5788 4 6715
5796 173 6442 6481 6496 6498 6501 6505 6528 6552 6555 6566 6570 6576 6599 6600 6665 6665 6715 6770 6774 6783 6784 6832 6860 6869 6875 6897 6913 6934 6953 6955 6976 6980 7005 7021 7063 7092 7115 7301 7351 7381 7414 7443 7553 7561 7620 7632 7651 7757 7871
5797 3 6501
5799 14 6432 6437 6618
5800 182 6417 6441 6442 6523 6555 6618 6624 6632 6634 6665 6712 6715 6725 6736 6737 6774 6780 6783 6784 6789 6789 6790 6832 6860 6869 6873 6890 6892 6907 6913 6918 6934 6938 6946 6946 6946 6976 6979 6979 6980 6982 7040 7050 7052 7052 7063 7073 7101 7116 7119 7144 7162 7185 7201 7214 7238 7262 7277 7280 7295 7341 7351 7373 7389 7400 7422 7443 7529 7544 7553 7561 7620 7620 7646 7651 7694 7726 7763 7795 7809 7810 7833 7882
5802 248 6417 6441 6442 6458 6481 6496 6501 6505 6523 6528 6554 6555 6560 6570 6576 6589 6594 6600 6613 6618 6624 6632 6665 6699 6712 6714 6715 6739 6770 6774 6780 6784 6832 6860 6869 6873 6875 6901 6907 6913 6914 6934 6946 6955 6976 6979 6979 6980 7005 7012 7021 7052 7063 7092 7101 7115 7116 7119 7131 7143 7144 7168 7214 7233 7237 7277 7280 7351 7381 7400 7414 7443 7450 7510 7553 7553 7561 7618 7620 7620 7624 7632 7646 7649 7651 7662 7694 7757 7763 7778 7788 7809 7813 7855 7860 7862 7879 7882 7890
5804 22 6458 6600 6784 6914 7021 7115 7116 7862 7874
5805 10 6501
5806 45 6441 6665 6737 6739 6907 7092 7225 7279 7295 7341 7341 7373 7381 7400 7414 7422 7497 7510 7529 7553 7587 7620 7788 7809 7882
5807 16 6417 6552 6765 7094 7101 7115
5810 26 6442 6600 6715 6869 6907 7054 7237 7620 7809
5811 65 6432 6441 6498 6523 6554 6560 6566 6613 6634 6725 6736 6765 6832 6833 6850 6855 6860 6869 6901 6930 6934 6945 6953 6994 7108 7295 7381 7414 7423
5812 42 6458 6498 6560 6618 6784 6855 6901 6979 6979
5813 2 6417
5814 106 6417 6437 6498 6618 6665 6699 6714 6715 6774 6780 6784 6790 6832 6855 6869 6913 6946 6979 6980 7012 7021 7063 7092 7116 7233 7237 7280 7414 7553 7553 7587 7618 7620 7620 7632 7651 7757 7795 7809 7833 7835 7860
5815 4 7510
5816 50 6505 6528 6554 6570 6576 6599 6600 6624 6736 6832 6955 7115 7168 7279 7478 7510 7632 7683 7809
5817 30 6481 6720 6855 6955 6976 7295 7373
5818 40 6441 6458 6576 6869 6873 6875
5819 52 6432 6441 6505 6511 6589 6632 6780 6980 7238 7400 7620 7833
5820 19 6523 6596 6712 7280 7449 7707 7757 7763 7788 7809 7839
5821 18 6458 6505 6594 7478
5822 81 6432 6437 6503 6505 6552 6613 6632 6634 6774 6789 6832 6855 6869 6913 6934 7063 7168 7237 7238 7301 7351 7381 7414 7422 7510 7632 7646 7649 7651 7662 7683 7699 7809 7813 7833 7835
5823 13 6417 6432 6437 6441 7478
5824 29 6624 6665 6715 6790 6855 6901 6930 6946
5827 14 6913 7143 7277 7662
5839 36 6417 6417 6432 6442 6458 6501 6505 6523 6600 6618 6712 6934 7092 7620 7620 7632 7649 7662
5857 62 6458 6481 6496 6501 6552 6570 6576 6594 6632 6790 6875 6946 6948 7063 7351 7510 7561 7632
5862 24 6501 6632 6945 6955
5871 51 6523 6523 6576 6699 6720 6774 6832 6980 7553 7587 7620 7620 7632
5872 25 6523 6618 6634 6665 6875 6907 7116 7510 7553 7561 7587 7618 7624
5897 1 6634
5908 3 6770
5915 39 6523 6555 6560 6914 7005 7012 7052 7092 7277 7280 7443 7649 7694 7726 7763 7788 7795 7809 7813 7855 7862 7871 7882 7890
5920 9 6780 6918 6946
5922 7 6875 7561 7860
5927 8 6634 7544 7882
5928 4 7620
5932 35 6523 6523 6560 6566 6599 6665 6789 6832 7101 7225
5934 32 6600 6613 6699 6715 6855 6869 6901 7651
5940 12 6496 7115 7632 7890
5949 3 6976 7301
5950 3 6634 6725
5952 14 7237 7238 7378 7620 7632 7839
5958 3 6720
5966 4 6946 7052
5969 5 6417 7092 7649 7835
5972 2 6424
5980 4 6595 6714
5988 4 7131 7279 7478
5998 80 6505 6552 6554 6570 6595 6600 6618 6632 6634 6665 6774 6914 6934 6946 6946 7052 7092 7101 7115 7119 7143 7225 7279 7280 7389 7443 7510 7553 7553 7707 7795 7833 7871 7890
5999 16 6496 6774 7054 7620 7632 7803
6000 8 7168 7632
6001 5 6596
6004 5 6832
6006 47 6437 6441 6458 6481 6496 6505 6576 6613 6783 6907 6918 6945 7052 7092 7108 7280 7443 7510 7699
6007 3 6496
6013 3 6496 7890
6015 3 6496 7890
6016 10 6496 6780 6914 7092 7833
6020 23 6980 7052 7092 7277 7280 7443 7763
6023 16 6417 6432 6437 6441 6481 6528
6029 2 7699 7890
6032 70 6442 6555 6618 6665 6700 6765 6774 6784 6832 6875 6901 6913 6918 6930 6946 6955 6980 7050 7063 7092 7116 7131 7233 7238 7280 7351 7400 7544 7553 7553 7618 7833
6038 6 6634
6043 38 6523 6560 7092 7280 7400 7443 7544 7694 7726 7757 7788 7795
6045 3 7378
6064 4 6780 7517
6068 30 6498 6875 7092 7280 7620 7879
6071 1 7632
6072 45 6634 6914 6946 7092 7225 7778 7833 7890
6082 4 6496
6093 5 6505 6790
6097 24 6496 6715 6832 7063 7101 7144 7214 7478 7632 7651
6123 18 6774 6784 6832 7381 7414 7497 7624 7632
6126 11 6432 6437 6441
6139 1 7450
6146 8 6571
6151 13 6618 6780 6832 7301 7587 7620 7624 7632
6156 20 6417 6432 7131
6165 2 6554
6169 3 6855
6170 8 6552 6599
6174 10 6832 7839
6177 2 6934
6179 7 6496 6897 7788
6180 3 6907 7478
6190 2 6833
6198 12 6560 6789 6790 6832 6979 7351 7414
6204 4 6930
6208 2 6805
6212 3 7835
6216 5 6458 6481 7624
6217 28 6458 6496 6552 6566 6594 6599 6600 6665 6720 6725 6783
6218 47 6432 6555 6594 6634 6634 6634 6784 6913 7063 7092 7168 7587 7620 7620 7632 7809 7835
6220 13 6715
6221 26 6613 6715 6780 7050 7092 7414 7478 7517 7561 7620 7632 7809 7839
6223 12 6437 6554 6570 6632
6229 18 6566 6784 6833 7092 7301 7478 7544 7649
6239 3 6432
6241 64 6417 6442 6496 6505 6555 6665 6715 6784 6790 6832 6860 6976 7021 7052 7092 7116 7237 7277 7280 7381 7400 7414 7443 7561 7620 7620 7632 7651 7662 7694 7695 7763 7855
6242 4 6930
6243 32 6501 6634 6665 6774 6832 7092 7414 7632 7699 7809
6248 10 6554 6570
6270 57 6417 6441 6496 6505 6560 6765 6770 6789 6832 6869 6873 6901 6913 6930 6946 6955 6979 6994 7351 7381 7414
6271 8 6505 6634
6272 80 6501 6523 6554 6634 6665 6714 6736 6774 6832 6914 6946 6955 6976 6979 6979 7052 7052 7092 7279 7414 7478 7510 7553 7620 7620 7632 7662 7699 7839 7882
6274 6 7649 7788 7835
6280 31 6442 6832 7054 7088 7116 7378 7381 7414 7512 7618 7620 7632
6298 4 7632
6299 70 6417 6417 6496 6505 6523 6555 6596 6624 6634 6665 6714 6715 6720 6736 6739 6783 6784 6789 6789 6832 6833 6901 6907 6934 6934 6953 6979 7295 7351 7553 7587 7620 7632
6305 147 6441 6458 6481 6498 6503 6505 6523 6528 6552 6560 6566 6589 6594 6595 6599 6613 6624 6632 6634 6634 6634 6665 6699 6700 6714 6715 6770 6780 6783 6784 6789 6790 6803 6855 6860 6875 6918 6930 6979 7073 7108 7144 7233 7277 7279 7295 7301 7373 7378 7517 7778 7795 7810 7860
6311 1 7047
6314 9 6501 6663 6765
6316 15 6555 6665 6832 6907 7052 7054 7092 7553
6317 3 6432
6320 17 6505 6869 6873 7214 7237 7646 7809
6323 49 6417 6481 6505 6528 6555 6783 6784 6789 6832 6869 6930 6976 6979 6979 7378 7381 7414 7510 7553 7620 7620 7839
6325 5 6595 6979
6327 71 6432 6437 6501 6503 6560 6624 6634 6634 6715 6720 6765 6783 6784 6832 6873 6901 6913 6976 6979 6994 7094 7101 7115 7119 7143 7144 7214
6346 13 6554 6624 6789 6869 7052
6347 11 6496 7862
6359 72 6496 6501 6503 6555 6600 6624 6665 6699 6720 6739 6765 6774 6784 6855 6860 6869 6873 6901 6913 6930 6934 6976 7073 7108 7214
6360 35 6417 6560 6736 6994 7054 7073 7074 7108 7119 7143 7144 7214 7323 7442
6367 2 6523
6377 18 6665 6665 6770 6783 6833 6850 6855
6380 4 6897
6383 3 7855
6394 6 6571
6398 15 6555 6770 6774 6850 6869 6955 7040 7763
6406 1 6770
6408 1 7144
6414 15 6560 6567 6634 6913 6914 7021 7116 7553 7587 7620 7632 7839
6415 3 6417 7510
6416 2 6417
6421 15 6422 6523 6934 6993
6422 7 6634 6770 7063 7809
6424 2 6481
6428 3 6498
6430 1 6432
6431 1 6432
6439 1 6441
6443 51 6600 6634 6634 6832 6855 6913 6918 7054 7108 7115 7168 7214 7238 7301 7510 7517 7587 7632 7646 7699 7788 7795 7833 7890
6445 7 6914 7855
6447 11 6474 6481 6498 6501 6554 6594
6450 1 6458
6451 1 6458
6452 1 6458
6453 1 6458
6454 1 6458
6455 1 6458
6456 3 6458 6930
6457 1 6458
6458 22 6600 6869 6907 6930 7073 7108 7115 7855
6459 2 6458 7108
6460 56 6529 6553 6554 6555 6560 6596 6699 6759 6946 6993 7021 7092 7277 7386 7414 7442 7491 7497 7498 7701 7765 7799 7803 7809 7835 7857
6461 5 6715
6466 1 6424
6467 8 6424
6468 1 6424
6469 2 6424
6470 1 6472
6471 1 6790
6474 1 7649
6479 13 6552 6566 6595
6480 1 6481
6483 18 6496 6595 6599 6628 6632 6661 6668 6707 6720 6721 6789
6484 10 6496 7021 7092 7890
6485 1 6496
6486 57 6496 6503 6600 6624 6634 6665 6665 6715 6736 6765 6774 6784 6832 6873 6907 6913 6976 7108 7143 7214 7237 7301 7381 7391 7400 7414 7553 7587 7632
6487 3 6496
6488 19 6496 6634 6770 6869 6873
6489 2 6496
6490 2 6496 6790
6491 4 6496
6492 2 6496
6493 1 6496
6494 70 6496 6555 6759 6790 6832 6833 6860 6873 6897 6914 6946 6955 6979 7047 7052 7054 7092 7101 7115 7280 7301 7373 7400 7414 7443 7618 7624 7695 7763 7833 7871 7890
6495 1 6496
6497 1 6498
6500 5 6930 7301
6501 10 6599 6897
6502 12 6914 7115 7624 7879
6503 4 6554
6504 7 6505 6600
6510 54 6511 6523 6560 6560 6566 6599 6665 6665 6720 6725 6736 6765 6789 6809 6832 6833 6850 6934 6946 7052 7351 7442 7544 7587 7620 7647 7694 7707 7795 7835
6518 30 6442 6634 6665 6784 6832 6976 6980 7021 7052 7092 7277 7279 7422 7553
6520 2 7280
6522 21 6560 6770 6783 6789 6803 6833 6855 6869 6873
6523 31 6555 6634 6774 6832 6934 6948 6976 7115 7414 7620 7839
6524 6 7063
6525 13 6613 6634 6790 6803 7119
6526 6 6770 6840
6527 1 6528
6536 2 7879
6538 7 6918 7116 7632
6545 5 6595 6663
6548 8 6442 7092 7381 7788
6550 3 7238
6552 27 6523 6594 6832 6979 7050 7168 7414 7620 7620 7632 7699 7809
6555 33 6523 6554 6560 6566 6699 6772 6832 7092 7146 7214 7225 7351 7414 7553 7632 7651 7726 7809
6560 42 6523 6596 6736 6770 6789 6832 6913 6946 6976 6980 7092 7214 7381 7386 7414 7553 7553 7632 7757 7813 7833
6563 54 6634 6832 6860 6873 6907 6934 6946 6979 6982 6994 7052 7054 7108 7144 7214 7233 7279 7618 7620 7646 7651 7757 7778 7809 7839
6570 4 7301 7795
6574 1 6576
6575 1 6576
6577 10 6699 6897 6934
6595 12 6594 6715 6832 6948 7279 7414 7632
6596 137 6523 6555 6560 6560 6618 6634 6712 6774 6783 6789 6875 6913 6914 6934 6946 6980 6993 7005 7012 7021 7047 7063 7092 7094 7116 7233 7238 7277 7280 7341 7386 7389 7391 7443 7544 7587 7618 7620 7620 7624 7632 7646 7649 7651 7662 7668 7683 7694 7695 7699 7707 7726 7757 7763 7778 7788 7795 7803 7809 7810 7833 7835 7839 7855 7862 7871 7879 7882 7890
6598 7 6599 7855
6601 1 6600
6602 1 6600
6603 1 6600
6604 1 6600
6605 9 6501 6600 6632 6634
6608 16 6665 6665 6770
6611 11 6784 6913 6930 7101
6612 5 6765 7115
6613 8 6948 7587 7620
6615 119 6417 6442 6523 6560 6624 6714 6770 6774 6783 6784 6790 6832 6833 6855 6869 6873 6901 6913 6930 6945 6946 6946 6955 6976 6979 6980 7073 7101 7108 7115 7119 7131 7143 7144 7168 7214 7279 7280 7295 7301 7351 7373 7381 7414 7422 7442 7443 7450 7478 7544 7695 7707 7726 7757 7763
6616 6 6560 6560 7301
6618 79 6634 6634 6765 6765 6780 6784 6832 6860 6913 6924 6946 6955 6994 7073 7094 7101 7115 7116 7119 7131 7144 7238 7279 7280 7381 7389 7414 7529 7553 7553 7561 7604 7620 7632 7683 7810 7833
6619 77 6417 6442 6555 6596 6634 6774 6784 6789 6832 6855 6897 6913 6930 6934 6946 6955 6976 7092 7101 7108 7115 7116 7144 7214 7237 7279 7295 7373 7381 7400 7414 7436 7510 7529 7553 7624 7632 7651 7662
6620 91 6523 6560 6560 6624 6634 6736 6774 6784 6790 6832 6860 6873 6897 6901 6930 6945 6946 6948 6955 6976 6982 7040 7052 7073 7094 7101 7108 7115 7119 7143 7144 7168 7185 7186 7201 7214 7257 7301 7304 7306 7632
6624 122 6442 6555 6560 6665 6712 6780 6832 6907 6913 6914 6934 6946 6980 7005 7012 7047 7052 7092 7225 7237 7277 7280 7378 7381 7400 7414 7443 7450 7510 7512 7529 7561 7587 7618 7624 7632 7646 7649 7651 7662 7683 7694 7695 7757 7763 7803 7809 7813 7839 7855 7860 7862 7871 7882 7890
6626 8 6595 6634 6665 6715
6627 12 6595 6790 6833 7115 7529
6633 1 6634
6634 4 6946 6946
6635 11 6634 6634 6634 6784 6913 7047 7478 7662 7699
6638 1 6555
6646 3 7301 7478
6649 23 6784 6855 6860 6869 6873 6901 6930 6934
6655 3 6624 6665 7301
6657 9 6715 6774 7279
6658 5 6780 6833
6665 25 6503 6699 6715 6833 7101 7108 7116 7214 7618 7620 7624
6666 4 6595 6699 6715
6671 4 6832 7131
6676 5 7092 7620
6687 1 6691
6692 6 7021 7092
6695 1 7632
6697 1 6699
6698 1 6699
6701 1 6700
6702 10 6555 6700 7225 7381
6710 2 6715
6711 7 6715 7063 7115 7119
6712 8 6442 6715 7443 7675 7795
6713 4 6715 7092
6714 92 6417 6442 6503 6523 6560 6665 6715 6770 6774 6784 6789 6803 6832 6833 6913 6934 6946 6946 6976 7052 7054 7088 7131 7214 7237 7279 7295 7301 7351 7373 7378 7381 7414 7422 7442 7450 7478 7510 7512 7520 7553 7561 7618 7620 7632 7646 7651 7662
6717 3 6720 6869
6718 1 6720
6719 3 6720
6726 5 6833 6869
6729 2 6665 6665
6730 1 6665
6731 1 6665
6732 1 6665
6734 2 7632
6735 1 6739
6736 31 6422 6739 6774 6783 6832 6832 6833 6850 6860 6869 6873 6901 6930 7021 7620
6737 1 6739
6746 1 6736
6749 1 6491
6753 4 6442 6890
6755 2 6503 6774
6758 9 7279 7478 7632
6766 16 7185 7378 7512 7561 7624 7695 7763
6768 1 6613
6770 5 7063
6771 2 6833
6772 49 6417 6555 6596 6618 6783 6789 6803 6809 6832 6901 6913 6914 6946 6976 6979 6980 7012 7021 7185 7279 7662 7835 7862
6774 23 6618 6832 6913 6993 7005 7021 7386 7414 7553 7810
6775 1 6770
6779 3 7478
6780 6 7813 7890
6781 5 6789 6979
6784 41 6634 6790 6855 6860 6901 6913 6934 7054 7088 7092 7131 7279 7414 7422 7442 7450 7497 7512 7620 7651
6787 1 6788
6789 9 6417 6634 6832 7414 7442
6790 10 6555 6624
6801 5 7414
6802 1 6803
6804 5 6770 6907 7237 7414 7561
6807 1 6809
6810 1 6770
6811 1 6770
6812 1 7662
6815 3 6783
6829 4 6833
6834 2 6833
6835 1 6833
6836 1 6833
6845 2 6832 6850
6846 6 6850 6855 6860 6930
6847 1 6850
6848 6 6784 6869 6901 6913 7101 7143
6854 1 6855
6855 14 6634 6634 6832 7005 7094 7757
6859 10 6634 6860
6865 16 6560 6618 6832 6869 6901 6913 6930 7021 7620
6866 4 7695
6867 4 7373
6869 1 7214
6870 3 6869 6873
6875 15 6442 6634 6980 7443 7553 7561
6883 4 6523
6885 13 6442 6634 6784 7422 7620 7646 7707
6886 6 6790 7143
6889 4 7233 7701
6895 6 6832 6897 7809
6896 3 6934
6899 2 6774
6900 29 6560 6918 7088 7092 7131 7279 7422 7478 7620
6902 20 6901 7092 7237 7400 7683
6906 49 6417 6503 6634 6714 6736 6784 6789 6832 6913 6976 7101 7108 7115 7119 7143 7144 7185 7186 7214 7295 7301 7306 7351 7381
6907 183 6417 6442 6503 6523 6555 6560 6560 6618 6634 6634 6665 6712 6714 6780 6784 6832 6875 6913 6914 6918 6934 6946 6946 6976 6979 6994 7005 7012 7021 7052 7054 7063 7092 7101 7108 7116 7131 7144 7214 7225 7233 7237 7279 7280 7373 7378 7381 7386 7389 7391 7400 7414 7478 7497 7510 7553 7553 7561 7618 7620 7624 7632 7646 7647 7649 7651 7662 7683 7694 7695 7707 7726 7757 7763 7788 7795 7809 7813 7835 7860 7874 7879 7882
6911 2 6976
6912 3 6790
6913 34 6624 6634 6714 6774 6784 6832 6946 7052 7073 7101 7108 7119 7143 7168 7185 7214
6914 52 6417 6555 6618 6665 6780 6784 6832 6913 6979 7012 7052 7063 7088 7092 7225 7277 7378 7414 7510 7544 7553 7553 7757 7788 7803 7810 7833 7862 7890
6916 30 6618 6907 6946 6980 7108 7131 7237 7279 7442 7450 7587 7620 7757 7788
6917 1 6634
6918 23 6442 6780 6907 7021 7050 7054 7092 7108 7214 7400 7414 7553 7632 7778
6924 12 6555 6907 7092 7131 7389 7757
6929 1 6930
6934 51 6503 6618 6624 6665 6765 6784 6832 6907 6913 6914 6955 7052 7054 7115 7119 7214 7277 7378 7381 7400 7497 7512 7529 7561 7587 7620 7683 7795 7803
6938 2 6934
6941 35 6555 6665 6784 6913 6923 6976 7052 7054 7131 7280 7301 7378 7400 7557 7561 7587 7618 7624 7632 7809 7810 7833
6945 16 6560 6634 7052 7054 7094 7119 7529 7544 7587 7763
6946 25 6417 6634 6634 6665 6780 6924 7116 7391 7683 7809
6949 5 6765 6790 6955 6979
6951 26 6422 6555 6979 6980 7005 7021 7092 7666 7778 7810
6953 1 6955
6954 2 6955
6959 5 7295
6961 2 6993
6971 5 6784 7295
6975 7 6784 6790 7119
6976 37 6503 6774 6784 6914 6918 7073 7092 7101 7115 7119 7143 7214 7400 7510 7649 7788 7795 7871 7890
6984 4 6790
6986 1 7143
6991 18 6736 6789 7040 7052 7108 7295 7323
6993 75 6555 6560 6596 6624 6774 6784 6790 6913 6914 6976 6979 6980 7005 7012 7021 7063 7092 7237 7277 7279 7280 7295 7301 7414 7442 7649 7757 7763 7788 7795 7809 7810 7813 7835 7855 7862 7871 7879 7882 7890
6994 9 6714 6784 6913 7214 7301
6995 1 6790
6996 1 6997
6998 1 6774
6999 1 6774
7000 1 6774
7001 1 6774
7002 1 6774
7003 1 6774
7004 1 6774
7005 13 6634 6774 6914 7553 7620 7757 7763 7788
7006 1 6774
7007 1 6774
7008 1 6774
7009 1 6774
7010 1 6774
7011 2 6774
7012 10 6774 6784 6913 6914 7021 7414
7013 1 6774
7014 2 6774 7021
7015 1 6774
7016 1 6774
7017 1 6774
7018 1 6774
7019 4 6774 7021 7862
7020 3 6774 6780 6832
7021 15 6774 7386 7414 7813
7022 1 6774
7023 2 6774 7052
7024 3 6774 6913
7025 1 6774
7026 11 6774 6918 6979 7021 7116 7587
7027 1 6774
7028 1 6774
7029 2 6774
7031 1 7033
7035 2 6624
7036 2 7040
7041 1 7042
7043 9 6634 7059 7238 7553 7707 7763 7833
7044 3 7059 7803
7045 36 6523 6712 6789 6934 6980 7021 7047 7052 7059 7280 7295 7443 7497 7544 7618 7620 7624 7662 7683 7694 7695 7699 7726 7757 7763 7882
7046 19 6712 7047 7052 7059 7225 7414 7553 7561 7620 7642 7646 7662 7695
7047 133 6422 6523 6555 6618 6634 6712 6737 6780 6875 6914 6918 6934 6946 6979 6980 7021 7052 7059 7063 7092 7233 7277 7280 7341 7389 7391 7443 7544 7553 7620 7646 7649 7651 7662 7683 7694 7695 7699 7707 7726 7763 7778 7788 7795 7809 7810 7813 7833 7835 7839 7855 7860 7862 7871 7874 7879 7882 7890
7048 1 7059
7049 27 6555 6980 7005 7059 7277 7280 7443 7694 7757 7763 7788 7795 7803 7809 7855 7862 7871
7050 3 6634 7632
7052 114 6555 6665 6712 6714 6789 6832 6875 6907 6914 6924 6934 6979 7005 7012 7021 7047 7063 7088 7092 7094 7101 7115 7116 7119 7143 7144 7225 7233 7237 7279 7301 7381 7391 7400 7450 7510 7544 7553 7561 7618 7624 7632 7646 7651 7662 7683 7694 7695 7699 7835 7855 7862 7871 7879 7890
7053 19 6422 6618 6634 7047 7378 7389 7517 7553 7553 7699
7054 21 6712 6907 6934 7052 7116 7378 7510 7561 7587 7620 7632 7646 7651 7695 7809
7055 95 6442 6523 6634 6665 6712 6907 6934 6946 6980 7005 7012 7021 7047 7052 7063 7088 7131 7237 7277 7279 7400 7414 7443 7450 7478 7510 7512 7561 7618 7620 7620 7624 7632 7646 7649 7651 7662 7683 7694 7695 7699 7707 7726 7757 7763 7778 7788 7795 7809 7813 7835 7871 7882
7056 29 6523 6560 6980 6993 7052 7116 7233 7277 7280 7443 7618 7620 7694 7726 7757 7763 7795 7803 7809
7057 100 6417 6442 6555 6560 6618 6634 6665 6875 6907 6914 6918 6934 6946 6946 6979 6980 7005 7052 7054 7063 7088 7131 7225 7233 7237 7238 7279 7280 7378 7400 7478 7510 7512 7529 7544 7561 7587 7620 7620 7647 7699 7707 7763 7788 7809 7810 7833
7061 3 6832
7062 3 7050 7620
7063 15 6555 6784 6832 6907 6913 7414 7510 7553 7620
7070 2 7073 7115
7071 4 7073 7092 7115 7414
7080 58 6555 6560 6736 6759 6979 6980 7108 7225 7277 7279 7280 7301 7414 7478 7510 7529 7620 7624 7647 7666 7813 7871 7879 7882
7084 1 6946
7085 1 6946
7086 111 6442 6523 6618 6634 6665 6736 6737 6780 6784 6875 6907 6918 6946 6946 7021 7047 7088 7094 7108 7131 7233 7237 7238 7279 7341 7378 7389 7391 7414 7450 7478 7497 7510 7512 7553 7561 7620 7646 7810 7833 7835 7855 7860 7882
7088 3 7632 7699
7089 1 7301
7090 6 7054 7378 7529
7092 75 6422 6560 6618 6665 6784 6832 6914 6980 7005 7052 7131 7144 7214 7225 7237 7280 7301 7389 7400 7414 7443 7510 7553 7561 7587 7618 7624 7632 7649 7651 7662 7788 7795 7809 7833 7835 7890
7095 1 6634
7096 1 7529
7098 1 7101
7099 15 6560 6714 6907 6913 6976 7101 7214 7400
7100 15 6913 6976 7101 7115 7119 7143 7144 7301
7103 1 7108
7104 15 6665 6784 6913 6976 7108 7214 7301
7106 4 7108
7109 2 7115 7510
7110 5 7092 7115
7111 1 7115
7112 1 7115
7113 8 6422 7115 7237 7529 7587
7114 1 7115
7117 2 7119
7120 10 6712 7651 7695 7699 7707 7809
7121 6 6714 6832 7279
7127 2 7301
7128 2 6784
7129 6 6784 6832 7763
7131 23 6442 6555 6832 6907 7021 7092 7280 7414 7553 7587 7809 7833 7871
7132 21 6555 6784 6832 6913 7021 7052 7063 7131 7280 7561 7809
7134 3 7373 7587
7138 1 7214
7139 2 7214
7142 4 7143 7144
7145 1 7144
7146 1 7144
7150 10 6555 6914 7005 7021 7052 7280 7400 7649 7683
7153 7 6907 6914
7165 1 7168
7166 1 7168
7171 6 7092 7632 7662 7809
7172 2 7649
7176 3 7116 7620
7178 1 7587
7179 1 7131
7180 2 7131
7181 2 7131
7183 6 6665 6914 6980 7225
7188 12 6596 6789 6832 6976 7351 7386
7198 5 7707
7199 1 7632
7205 1 7023
7206 1 7023
7210 1 7214
7211 1 7214
7212 1 7214
7217 1 6994
7223 1 6665
7225 24 6555 6665 6914 7237 7378 7400 7510 7632 7652 7662 7699 7707 7835
7226 3 6665 7553
7227 9 6555 6665 7225 7277 7587
7228 4 6665 7561 7620 7662
7229 5 6665 7400 7553
7230 4 6665 7632
7231 87 6523 6560 6665 6712 6907 6914 6934 6980 7005 7047 7052 7054 7116 7131 7237 7277 7279 7280 7386 7400 7414 7443 7450 7510 7544 7587 7618 7620 7624 7632 7646 7649 7651 7662 7683 7694 7695 7699 7707 7726 7757 7763 7788 7795 7809 7813 7855 7862 7871 7879 7882 7890
7232 1 6907
7233 18 6907 6946 7389 7422 7529 7683 7809 7860
7234 1 6907
7235 1 6907
7236 16 6907 7088 7378 7478 7529 7553 7620 7662 7695 7699
7237 8 6907 7233 7529
7238 9 6618 6907 7233 7620 7624 7833
7239 21 6907 7054 7116 7131 7237 7279 7478 7497 7553 7561 7587 7620
7241 18 6784 6832 6875 6913 6914 6976 7238 7279 7373 7561
7243 1 7763
7245 1 6736
7253 3 7871
7260 1 7478
7262 9 7054 7400 7757 7763
7265 1 6784
7266 6 6555 6634 6714 6784
7267 1 6784
7268 1 6784
7269 1 6784
7270 4 6442 6784 7763
7271 2 6784
7276 5 6913 7021 7052 7740 7763
7277 2 6913
7278 3 6832 6913 7414
7279 17 6555 6618 6913 7012 7054 7237 7280 7443 7587 7694 7726
7280 71 6422 6555 6560 6618 6737 6780 6875 6913 6918 6946 7005 7021 7063 7092 7225 7233 7277 7386 7443 7620 7649 7662 7683 7699 7757 7763 7778 7788 7795 7809 7813 7833
7281 12 6503 7277 7295 7510 7529 7632 7795 7809
7293 4 6714 6976 7301
7294 37 6523 6555 6618 6832 6979 6993 7400 7414 7510 7620 7620 7632 7651
7295 6 6976 7277 7301
7298 1 7301
7299 1 7301
7300 1 7301
7301 18 6634 6832 6918 6946 7052 7092 7301 7694 7707 7757 7833 7871 7890
7302 2 7092 7301
7305 1 6714
7317 4 6832
7321 3 7389
7327 6 6503 6832 7295
7329 2 6832 7295
7330 2 7295
7335 13 6503 6555 6789 6832 7381 7414 7833
7341 2 7414
7343 10 6832 6914 7414 7788 7809
7347 1 6832
7348 2 6832 7561
7349 1 6832
7350 20 6618 6832 7381 7414 7553 7561 7618 7624 7695 7726 7809
7351 2 6832
7352 11 6832 6980 7092 7378 7544 7809
7353 1 6832
7354 3 6832 7351
7355 1 6832
7357 5 7391 7553
7360 1 7351
7362 5 7116 7381 7618
7363 1 6789
7365 1 6596
7371 2 7373 7567
7376 4 7063 7237
7378 40 6417 6422 6523 6918 6946 6946 6980 7050 7225 7277 7381 7386 7553 7587 7620 7620 7632 7757 7795 7803 7813
7379 7 7088 7237 7381 7529
7380 3 7279 7381
7386 14 6618 7021 7021 7280 7553 7649 7809 7813 7833 7882
7387 3 7553 7809
7390 18 6555 7047 7063 7280 7442 7443 7620 7632 7646 7651 7809
7391 47 6422 6523 6634 6737 6993 7047 7050 7052 7120 7233 7237 7341 7443 7544 7553 7553 7620 7649 7683 7726 7809 7835 7862
7393 10 7393 7414 7553 7651 7662 7695
7394 2 7063
7400 15 6417 7225 7414 7450 7553 7632 7662
7401 3 7510
7402 5 6712 7632
7405 17 6875 6946 6980 7063 7443 7618 7624 7763 7835
7407 1 6946
7409 10 7052 7553 7632 7646 7839
7413 1 7279
7415 4 6914 7225 7400
7416 1 6417
7417 2 6442
7418 2 6442
7419 1 6442
7420 1 6442
7421 9 7238 7279 7422
7425 7 6780 6946 7553 7649
7441 3 7442
7443 10 7092 7280 7809 7882
7444 3 7450 7620 7632
7445 1 7450
7446 1 7450
7447 1 7450
7449 20 7021 7277 7279 7341 7553 7649
7451 1 7131
7452 2 7131
7453 1 7131
7454 1 7131
7455 3 7131 7237 7510
7456 1 7131
7457 1 7131
7458 1 7131
7459 1 7131
7461 1 7131
7462 1 7131
7468 1 7478
7469 1 7478
7470 1 7478
7471 9 6914 7237 7512 7632 7649
7476 1 7512
7480 1 7279
7481 1 7279
7490 25 6424 6560 6712 6780 6934 6993 7280 7618 7647 7662 7695 7699
7492 3 7378 7624
7493 2 7646
7494 1 7495
7502 3 7544 7553
7509 1 7510
7511 14 6780 6946 7021 7512 7620 7707 7810 7813
7513 1 7088
7520 3 7624 7649
7527 1 7529
7528 1 7529
7531 1 7054
7535 1 7378
7536 1 7378
7537 1 7378
7544 10 6555 7005 7092 7553 7788 7813
7545 1 7553
7546 2 7553
7554 2 7624
7564 30 6712 6934 6946 7587 7618 7624 7646 7662 7860
7565 1 7400
7569 3 7618 7624
7570 3 7778
7578 24 6618 6918 6946 7005 7092 7833 7855
7579 5 7620 7788 7795
7580 7 6712 6934 7116 7651 7662
7585 1 7587
7586 6 7587 7683 7757 7763 7809
7588 7 7116 7391 7618 7624
7593 3 7225 7618 7624
7594 3 7225
7595 1 7225
7597 4 7620 7620
7598 26 6555 6712 6934 7047 7116 7632 7649 7683 7694 7695 7699 7809 7862 7890
7601 2 7646
7609 2 7620 7839
7614 37 6422 6523 6555 6560 6914 7047 7092 7386 7544 7620 7624 7632 7658 7707 7726 7795 7809 7819 7879
7615 1 7620
7616 2 7620 7620
7617 1 7620
7618 1 7092
7621 1 7621
7625 5 6634 7050 7632
7629 1 7632
7634 1 7021
7637 1 7833
7644 1 7646
7645 1 7646
7647 2 6934 7662
7648 1 7391
7649 8 7052 7443 7651
7650 2 7662
7659 6 6712 6934 7662 7855
7660 1 7662
7661 4 7280 7662 7757
7665 5 7047 7683 7695 7810
7666 13 6555 6759 6924 6946 6980 7012 7277 7397 7669 7699 7701
7670 1 6712
7675 16 6618 6759 6946 7021 7386 7778
7676 5 6737 7047 7238
7677 8 6875 7047 7238 7517
7678 2 7047
7679 21 6555 6875 7021 7238 7277 7280 7391 7443 7694 7695 7699 7809 7813 7855
7682 15 6560 6759 6875 6946 6979 7683 7862
7684 2 7120 7683
7685 13 6618 6634 7391 7683 7757
7686 1 7683
7691 18 6946 7063 7092 7694 7778 7835 7855 7862 7871
7696 3 7695 7707 7810
7697 12 6634 6980 7443 7649 7695 7763 7803 7809
7698 1 7699
7701 2 6980
7703 1 7707
7704 1 7707
7705 1 7707
7706 2 7707
7715 1 6523
7716 2 6523
7717 2 6523
7719 3 6914 7763
7726 3 7809
7727 26 6634 6946 7233 7238 7341 7391 7553 7620 7726 7835 7871
7728 1 7763
7733 42 6422 6555 6618 6634 6914 6946 6979 7005 7021 7050 7063 7092 7120 7389 7553 7620 7809 7810 7833 7839 7862
7736 2 7120 7757
7738 2 7839
7740 1 6980
7741 4 6980 7757 7763
7742 1 6980
7743 10 6422 6914 6980 7005 7757
7744 49 6555 6618 6634 6914 6918 6979 7021 7092 7238 7449 7544 7553 7620 7740 7803 7809 7810 7890
7747 5 7277 7795 7809
7750 1 7757
7751 1 7757
7752 2 7005 7757
7753 2 7005 7757
7754 1 7005
7755 10 6560 6634 7277 7386 7620 7757 7803
7756 2 7005 7757
7758 1 7763
7759 4 7763
7760 1 7763
7761 1 7763
7762 1 7763
7766 13 6555 7005 7788 7803 7809 7855 7862 7871
7767 2 7277 7280
7768 10 7021 7879 7882 7890
7769 19 7012 7021 7871 7879 7882 7890
7771 2 7778
7772 15 7233 7389 7778 7833
7773 1 7778
7774 30 6780 6875 6918 7233 7391 7778 7860
7775 11 6422 7341 7553 7778
7777 1 7778
7779 2 6560 7835
7780 3 6560 7788 7803
7781 1 6560
7782 1 6560
7783 1 6560
7789 1 7277
7790 2 7277
7791 4 7005 7277
7792 7 6555 7012 7021 7277 7835
7800 1 7803
7801 1 7803
7802 1 7803
7808 12 6634 6914 7809
7810 7 6737 6875 7620
7812 4 7092 7649 7890
7814 1 7386
7818 15 6946 6979 7871
7821 1 7649
7822 1 7649
7826 1 6709
7829 3 6555 7092
7830 1 7092
7831 1 7092
7832 1 7092
7833 4 6914 7092 7238 7890
7834 1 7092
7835 2 7092
7837 2 7839
7849 1 6555
7850 1 6555
7851 1 6555
7853 2 7855
7854 1 7855
7856 7 7835
7860 2 7862
7861 1 7233
7862 8 7860
7865 22 6618 7021 7063 7233 7238 7517 7620 7835 7882
7867 1 7871
7868 1 7871
7873 5 6914
7874 4 6914 7890
7875 1 7012
7877 5 7233 7879
7878 1 7879
7882 10 6618 7021
7883 1 7882
7884 5 7553 7620 7882
7885 3 6875
7886 1 7890
7887 1 7890
7888 1 7890
7889 1 7890
7891 1 6914
7892 1 6914
7893 2 6914
7894 1 6914
7900 27 6918 6946 7391 7517 7574 7620 7860
7901 28 6618 6737 6875 6918 6946 7233 7391 7553 7860
7902 18 6737 6875 6946 7233 7391
7904 6 6634 7391
7907 10 7620
7910 4 7012
7916 2 7012
7919 3 7012
7924 2 6634
7928 2 6634 7233
7929 3 6634
7931 2 6979
7933 3 6875
7937 1 7021
7938 2 6634 7021
7939 1 7021
7940 1 7021
7941 1 7021
7942 1 7021
7944 1 7012
7954 1 7835
7955 1 7835
7956 1 7835
7964 8 6618 7620
7966 1 6422
7967 3 6422 7553 7810
7968 1 7553
7980 2 7860
8012 7 6946 7860
8023 1 6780
8035 1 6946
8036 19 6780 6875 7233 7238 7391 7553 7810 7860
8041 3 7620
8042 1 6634
8045 2 7389
8046 14 6618 7389 7791 7810
8047 17 6618 6634 6737 7233 7238 7389 7810 7833
8050 6 6618 6737 7238 7833
8051 5 7553
8053 17 6780 7391 7553 7791 7810
8054 2 6634
8055 1 7860
8056 1 7860
8057 1 7860
8060 5 6875
8069 4 6780 7620
8077 1 6918
8084 1 6780
8085 16 6618 6634 6780 7050 7391 7553
8086 1 6780
8087 1 6780
8107 11 6618 6634 7553 7833
8133 1 7517
8134 1 7553
8152 10 6618 7233 7553 7620
8155 1 7620
8156 5 6618 7620 7810
8157 2 6634 7620
8162 9 7391
8166 1 6875
8167 1 6875
8171 3 7233
8173 6 7233 7391
8187 1 7391
8189 2 7553
8190 4 7238
8193 2 7553
8202 1 7233
8203 1 7233
8204 2 7233
8205 1 7233
8211 10 6618 6737 7238 7389 7810
8214 1 7553
8222 5 6634 7553
8238 1 7553
8243 3 6618 6924
8251 1 6618
8252 1 6634
8253 1 6634
8254 1 6634
8255 1 6634
8256 1 6634
8260 1 6737
8261 1 6737
8262 1 7389
8263 2 7389
8264 1 7238
8265 1 7238
8266 1 7238
8270 2 7833
8271 1 7833
