6 258 5323 6227 6330
11 733 5026 5037 5055 5073 5092 5100 5106 5130 5132 5144 5802 6170
20 153 5327 5714 5775 5780 5818 6229 6262
24 270 4999 5026 5037 5055 5341 5412 5423 5423 5484 5596 5714 5818 6097 6272
27 89 5254 5412 5459 5743 5844 6246
28 110 6251
29 136 5404 5545 5582 5922 6198
30 3 5254
36 231 5022 5144 5412 5459 5605 5714 5799 5804 5822 5897 6006 6044 6151
37 21 5412 5780
39 39 6123
42 88 5423 5775
44 42 5055 5254 5439 6262 6306
47 113 5412 5922 6227
53 25 5079 5640 5804 5998
58 35 5079 5254 5378 5412 6044
59 94 5404 5624 6166
66 41 5529 5614
68 187 5061 5096 5123 5179 5188 5226 5254 5262 5288 5404 5412 5430 5437 5445 5449 5459 5463 5484 5527 5543 5545 5605 5637 5680 5732 5780 5806 5839 5848 5863 5886 5925 5933 6097 6098 6124 6156 6262 6306
71 68 5714
72 113 4994 5022 5061 5079 5254 5321 5459 5511 5524 5524 6004 6229
86 101 5028
87 164 5020 5022 5028 5055 5072 5200 5254 5392 5412 5421 5439 5449 5459 5484 5584 5684 5697 5732 5737 5775 5790 5798 5804 5963 6006 6174 6296 6337 6400
90 63 5412
99 15 5022 5812
103 55 5412 5452 5671 5800 5822 5872 6097 6327
109 166 4994 5002 5002 5022 5028 5079 5096 5140 5179 5188 5200 5210 5210 5254 5273 5295 5321 5404 5423 5465 5479 5524 5543 5563 5596 5626 5697 5714 5739 5760 5798 5799 5800 5802 5804 5818 5819 5822 5824 5827 5829 5839 5871 5933 6001 6006 6043 6097 6123 6156 6174 6272 6296 6306 6328 6330
110 59 5079
113 68 5002 5022 5072 5178 5484 5886
122 193 4999 5155 5335 5392 5412 5454 5459 5506 5509 5592 5790 5936 5947
127 83 4999 5254 5404 5412 5449 5928
132 21 5321
136 64 5140 5445 5482 5596 5739 5844 5871 5872 5936 5950 6006 6262 6299 6330
139 32 5459
143 95 5288 5800 5822 6156
145 15 5189
147 50 5412 5430
154 53 5886
155 16 5079 5529
166 77 5210 5246 5254 5288 5800 6004 6044 6156 6305 6330
172 120 4994
173 332 5026 5028 5037 5055 5100 5106 5130 5335 5484 5511 5714 5799 6006 6043 6098 6151 6269 6414
178 52 5412 5684 5804 6006 6098
180 54 5563
182 59 6400
199 11 5671
203 26 5423 5423
231 44 5226 5743
255 87 5073
258 6 6262
259 42 5714 5828
260 7 6262
263 21 5222 5584
265 30 5083 5254 6328
270 14 5106
275 47 5254
290 61 4983 5412
305 6 5130
306 215 5123 5182 5445 5457 5543 5925 5928 5947 6029
308 144 5288 5584 5714
310 236 5072 5210 5222 5239 5288 5288 5524 5651 5721 5753 5844
311 312 5022 5179 5254 5335 5335 5404 5412 5449 5463 5543 5743 5897 5922 6097 6151 6156 6299 6306
315 70 5683
319 193 4994 5002 5026 5072 5073 5178 5182 5226 5273 5335 5423 5430 5459 5545 5563 5584 5806 5897 6006 6097 6347
335 48 4994 5083 5421 5482 5545 5563 5584 5743 5886 5887 5922 6174
336 28 5412 6221
339 79 5335 5341 6043
351 11 5254
366 11 5947
371 117 5288 5288 5412 5459 5775 6388
383 19 5254
395 37 5028 5199 5479 5524 5563 5596 5818 5872 6227
398 6 5295 5543 5739 6001
405 17 5412
406 33 5822
407 101 5817
412 21 5055
425 49 5079 5321 5384 5487 5798 5835 6255 6337
432 155 5073 5130 5222 5430 5459 5466 5651 5693 6227
434 6 5897
447 8 5384
457 640 4986 4994 4999 5002 5002 5012 5022 5037 5055 5058 5061 5072 5092 5100 5121 5130 5140 5148 5178 5179 5188 5189 5199 5200 5204 5210 5210 5222 5226 5233 5233 5239 5246 5254 5262 5273 5288 5289 5295 5305 5321 5335 5335 5378 5404 5412 5437 5439 5449 5454 5459 5463 5479 5484 5506 5524 5529 5543 5545 5563 5584 5596 5614 5626 5637 5651 5680 5683 5684 5693 5697 5714 5721 5732 5737 5739 5743 5753 5760 5775 5776 5780 5798 5799 5800 5800 5801 5802 5804 5806 5812 5814 5814 5818 5822 5827 5829 5844 5871 5872 5886 5891 5897 5902 5928 5932 5933 5994 5998 6001 6004 6006 6032 6044 6094 6097 6124 6156 6166 6170 6218 6221 6227 6229 6243 6270 6272 6296 6299 6299 6305 6323 6327 6328 6334 6337 6347 6388 6400
465 9 5449
467 7 6156
469 8 5714
546 107 5254 5273 5484 5524 5584 5605 5871
553 19 5466
556 117 5412 5423
580 28 4983 5103 5106 5144 5651 6032 6043 6328
582 29 5412
600 171 5226 5341 5404 5423 5423 5484 5524 5543 5543 5714 6330
608 3 5605 6414
633 48 5479 6330
634 106 4994 5103 5106 5200 5288 5288 5437 5459 5509 5818 5827 5922 5925 6227
637 26 5254
643 44 6305
645 17 6306
663 133 5092 5144 5204 5806 6123
667 18 5421 6006
686 57 6148 6151
689 27 5412 5452 5637 5790
695 87 4999 5233 5487 5760 5897 6251 6262 6306
697 85 5412 5449 5509 5790
704 82 5204 5412
710 88 5412
722 124 5484 5928 6299
727 19 5412
730 29 5412
737 120 4983 5028 5037 5096 5132 5144 5179 5188 5199 5233 5239 5273 5288 5295 5321 5404 5412 5466 5529 5543 5563 5605 5760 5800 5802 5814 5822 5827 5902 5922 6001 6032 6097 6123 6156 6170 6221 6227 6299 6388
738 7 5301
742 85 5002 5073
748 1 5210
749 62 5239 5254 5412 5445 5584 5637 6347
758 2 5130
759 55 5430
762 42 5148 5162 5902
763 45 5037 5073 5222 5430 5651 6262
766 709 4983 4986 4994 4999 5002 5002 5022 5026 5037 5055 5058 5061 5072 5073 5079 5092 5096 5100 5103 5106 5121 5123 5130 5132 5140 5144 5148 5155 5178 5182 5188 5189 5199 5200 5204 5222 5226 5239 5254 5262 5273 5392 5404 5412 5423 5430 5432 5437 5439 5445 5459 5465 5466 5479 5506 5509 5524 5527 5543 5545 5563 5584 5596 5624 5626 5637 5650 5651 5671 5684 5693 5714 5721 5732 5737 5739 5743 5753 5773 5775 5776 5780 5790 5799 5800 5802 5806 5814 5818 5822 5827 5828 5829 5835 5837 5839 5844 5848 5871 5872 5897 5925 5932 5933 5947 5998 6001 6006 6029 6032 6043 6044 6098 6123 6124 6151 6156 6166 6170 6174 6221 6227 6229 6241 6243 6251 6262 6272 6296 6299 6327 6337 6347 6414
769 137 5412 5804 5828
788 52 5233 6400
789 209 4999 5022 5026 5055 5072 5073 5092 5100 5123 5130 5155 5178 5182 5204 5222 5239 5254 5335 5335 5412 5430 5449 5463 5509 5511 5539 5683 5743 5753 5804 5897
791 29 5079 5254 5804 5902
805 82 5605
813 261 4999 5026 5092 5100 5103 5123 5543 5753 5848 5925 6098 6124 6400
816 25 5132 5254 6166 6306
825 139 4986 5020 5123 5262 5263 5263 5301 5412 5423 5423 5454 5459 5487 5524 5527 5545 5545 5568 5592 5620 5640 5737 5743 5828 5963 6218 6246 6251 6327 6337
831 12 5162
837 4 6229
838 34 6004
840 7 5002
841 22 5204 5222
850 4 6006
854 56 5200 5254 5684 5994 6251
865 45 5423 5423 5482 6388
879 108 5295 5739 5800 5829
896 25 5254 5335 5465 5563 5798 6299
898 7 5412
909 6 5079
935 19 5106
943 28 5412
946 85 5412
947 21 5412
948 26 5083
950 8 4994 5454 5459
967 12 5819
971 53 5452 5936 5994
974 30 5822
982 32 5073 5432
988 257 4999 5022 5210 5417 5605 5614 5819 6044
993 233 5064 5100 5210
994 42 5412
996 279 5022 5079 5162 5254 5263 5288 5288 5335 5335 5392 5412 5423 5449 5452 5454 5463 5484 5506 5509 5568 5637 5650 5651 5683 5784 5790 5828 5863 5994 6246 6262 6306 6400
1000 34 5624 5798 5936
1003 17 5543
1004 8 5178 5305 5305 5545 6306 6334
1006 130 4983
1008 5 5254 5714
1009 43 6029 6251
1010 6 6029
1024 40 5055
1027 6 5631
1032 34 5222 5683
1035 10 5817
1037 50 5963
1041 31 5262 5404 5693 5743 5790 5928 6124 6262 6270
1042 38 5155 5254 5799
1044 9 5055
1051 48 5022 5335
1055 139 5288 5412 5683 5714 5790 5863 5902 5994 6306 6328 6347
1063 29 5037 5273 5671 5680 5844 6006 6123
1064 14 6243
1074 75 4994 5002 5037 5140 5188 5254 5524 5563 5584 5596 5626 5714 5739 5799 5818 5824 5827 5829 5871 6156 6170 6221 6299
1075 59 5341 5423 5484 5624 6388
1079 2 5925
1097 93 5412 5449 5452 5743
1098 260 5002 5079 5246 5289 5321 5415 5432 5466 5582 5614 5697 5760 5772 5773 5776 5800 5806 5807 5811 5812 5814 5819 5822 5829 5897 5932 5998 6004 6032 6043 6097 6123 6151 6170 6241 6270 6296 6299 6305 6306 6323 6327 6330 6334
1111 42 5178 5423
1127 58 5037 5055 5335
1128 10 5449
1132 42 5335 6306
1133 282 4999 5026 5055 5058 5061 5073 5092 5100 5103 5106 5121 5123 5182 5189 5204 5222 5254 5262 5288 5301 5335 5412 5437 5484 5527 5545 5605 5624 5637 5680 5753 5775 5780 5812 5848 5863 5886 5925 5928 5936 5947 6004 6029 6098 6124 6166 6229 6262 6334
1137 104 5026 5285 5527
1151 460 4986 5028 5061 5100 5121 5178 5182 5188 5226 5273 5289 5423 5430 5437 5445 5454 5459 5509 5524 5529 5545 5584 5650 5693 5714 5721 5743 5775 5776 5818 5822 5828 5839 5848 5872 5897 5933 5947 6006 6032 6043 6124 6151 6156 6166 6174 6328 6337 6414
1164 23 5412 5479 6006
1166 318 5020 5022 5100 5188 5210 5254 5273 5301 5321 5423 5430 5449 5509 5524 5626 5714 5743 5780 5800 5806 5828 5872 5932 5994 5998 6000 6006 6098 6151 6156 6221 6299 6306
1167 78 5963
1169 24 4999 5423 5449 5973
1184 57 6098
1200 92 5073 5404 5412
1204 58 5026 5045 5199 6299
1207 24 4994 5262 5479 5620 5626 5640
1210 221 5073 5100 5254 5288 5423 5430 5524 5563 5799 5804 5818 5822 5994 6004 6305 6334 6337
1244 2 6262
1247 69 5189 5239 5449 5545 5584 5928
1253 21 5828
1267 61 6170
1285 24 5684 5818
1286 55 5106 5459 5818 5844 5925 6032 6227
1305 227 5155 5239 5404 5739
1319 185 5288
1320 6 5288
1331 6 5902
1335 39 5305 5683 5850
1353 24 5341 5423
1356 18 6388
1358 7 5484
1360 10 5412 6262
1374 385 5002 5012 5028 5072 5083 5092 5123 5123 5148 5155 5176 5189 5199 5233 5254 5263 5288 5301 5321 5323 5335 5341 5384 5392 5404 5412 5445 5452 5454 5463 5465 5482 5484 5500 5509 5511 5529 5539 5568 5605 5637 5671 5683 5693 5714 5721 5732 5737 5743 5760 5773 5780 5790 5814 5828 5837 5839 5844 5871 5886 5891 5897 5902 5922 5933 5947 6004 6032 6043 6044 6151 6174 6241 6299 6320 6330 6347 6414
1375 3 5886
1377 31 5412
1381 51 5026 5323 6347
1385 24 4999 5022 5200 6299
1393 3 5263 5484
1395 192 5445 6227 6229
1401 3 5103 6347
1416 6 5384
1419 29 5732
1428 159 5002
1462 30 5449 5828
1463 22 5822
1467 8 5144 5204
1470 115 4983 5055 5130 5204 5412 5439 5449 5527 5714 5798 6006 6246 6251 6262 6328 6337
1471 45 5012 5596 5897 6299
1473 70 5445 5714
1480 44 5614
1492 159 5412 5844
1496 190 5055 5106 5178 5239 5288 5412 5452 5459 5732 5863 5947
1506 34 5683 6296
1522 90 5301 5925 5928
1524 4 5321 5683
1530 10 5226 5459 5828
1537 72 5226 5412
1542 237 4994 5002 5061 5072 5079 5092 5103 5123 5140 5144 5155 5178 5200 5226 5239 5262 5301 5308 5323 5335 5335 5404 5415 5437 5479 5482 5511 5524 5524 5527 5543 5543 5545 5563 5624 5697 5714 5739 5743 5760 5780 5798 5799 5800 5850 5886 5891 5925 5928 5933 5947 6029 6096 6097 6098 6123 6124 6166 6227 6229 6241 6243 6246 6261 6328
1549 522 5061 5073 5100 5123 5155 5200 5285 5288 5288 5341 5412 5430 5445 5452 5459 5482 5484 5524 5637 5693 5697 5714 5721 5732 5775 5776 5822 5844 5872 5897 5947 6097 6123 6299
1552 50 5412
1554 4 5543
1566 42 5026
1592 25 5055
1601 4 5714
1603 8 5254 6334
1608 344 5083 5100 5288 5335 5545 5714 5822 5897 6246
1614 71 5022 5341
1621 76 5466 5655 5739 5839
1623 36 5130 5140 5479 5928
1639 36 5072 5083 5162 5189 5335 5693
1644 46 5412 5680 5902 6414
1645 2 5886
1647 15 5226 5412
1658 5 5055
1661 36 5092 5605 5651 6296
1662 4 5239
1667 32 5022 5079 5103 5178 5301 5543 5605 5614 5737 5844 5872 6306
1674 7 5524 5732
1680 4 5222
1688 24 5106 5798 6227
1691 47 5100 5178 5463 5714 6151
1697 42 5178 5335 5412 5449 5714 5732
1700 48 5092
1701 98 5028 5079 5123 5188 5226 5412 5445 5543 5584 5671 5680 5714 5775 5828 6098 6156 6221 6414
1707 29 5465
1717 98 5022 5254 5341 5780 6306 6337 6400
1720 13 5103 5106 5922 5925 6227
1722 14 5106 5563 5818 5925 6151 6227
1733 40 5254 5449 5527 5714 5936 6337 6347
1734 47 5002 5178
1737 6 5178 5301 5624 5760 6098
1748 37 5100 6006 6123
1762 37 5254 5321 5596 5714 5829 5871 6004 6221 6347
1767 75 5100 5233 5714
1769 64 5680
1783 58 6148
1789 11 5452 5824
1795 41 5073 5083 5092 5773 5814
1796 38 5200 5210 5254 5273 5524 5684 5697 5739 5814 5871 6221 6270 6305 6327
1799 42 5178 5412 5459 5463 5545 5563 5684 5693 5798 5804 5814 6044 6221
1800 20 6334
1803 20 6226
1807 6 5484
1808 103 5459 5714 5947
1811 37 5028 5445 5891 6151 6328
1814 79 5210 5412 5454 5737 5798 5819 5902 6001 6124
1823 45 5130 5188 5262 5423 5439 5651 5804 5819 6170 6272
1835 55 5100 5714 5799 5828 6000
1847 46 5132 5188 5254 5392 5412 5449 5827
1879 13 5002 5423 6123 6305
1888 28 5321 5412
1891 23 5144
1896 50 6001 6327
1914 2 5445
1915 16 5100 5106 5121 5200 5233 5262 5412 5459 6328
1922 126 5026 5055 5073 5092 5106 5130 5132 5305
1925 22 5511
1931 14 6227
1937 6 5341 5423
1951 26 4994 5423
1972 184 5155 5188 5273 5323 5327 5341 5430 5439 5449 5463 5584 5626 5827 6006
1982 26 5002 5037 5188 5288 5839 6270 6305 6327 6388
1984 7 5817
1990 29 5037 5188 5210 5285
2001 37 5022 5392 5452 5459 5568 5651 5828 5863 5886 5963 5994 6029
2003 42 5022 5144 5605 5819 6044 6097
2009 46 5028 5162 5341
2010 11 5079
2011 2 5162
2033 13 5341 5484
2037 6 5103 5140 5524 5543
2065 45 5100
2084 8 5200
2085 28 5162
2092 6 5162
2095 6 5162
2096 2 5799
2102 31 5176 5459 5780 5947
2109 27 5100 5392 5790
2115 12 5459 5721 5828
2118 114 5092 5130 5412 5459 5524 5605 5886
2120 56 5072 5079 5412
2129 42 5891
2135 143 5100 5155 5222 5254 5404 5412 5449 5454 5459 5463 5484 5568 5651 5683 5743 5963 6218 6262 6337
2144 17 5285
2145 134 5020 5092 5130 5200 5226 5254 5273 5404 5404 5412 5463 5543 5563 5811 5827 5828 5837 6006 6096 6166 6221 6299 6330 6414
2160 11 5254 5829
2172 24 6328 6407
2174 49 5626
2181 2 4983
2186 57 5103 5199 5404 5423 5584 5680 5848 6006 6098 6299
2210 16 5412
2215 12 6296
2223 13 5022
2225 36 5022 5335 5412
2226 23 5773 5800 6299 6330
2231 26 5412 5963 6251
2237 254 5061 5092 5100 5130 5155 5162 5178 5262 5412 5430 5459 5482 5509 5511 5640 5844 5848 5886
2240 106 5079 5254 5321 5524 5605 5814 5827 5871 6327 6337
2246 7 5412 5714
2249 38 5199 5233 5378 5404 5432 5439 5582 6299
2256 125 5178 5412 5423 6029 6296 6337
2257 47 5072 5239 5459 5506 5651 5732 5806
2258 90 4994 5072 5121 5182 5199 5200 5226 5233 5273 5437 5466 5482 5693 5732 5753 5760 5773 5784 5790 5798 5804 5828 5863 5891 5925 5947 5963 6124 6251 6328 6330 6414
2264 51 5100 5289 5454 5714 5775 6029
2274 33 5936
2276 21 5254 5638 5973 6004 6156
2277 6 5412
2297 150 4983 5055 5061 5412 5584 5714 5828 6337
2299 65 5148 5215 5226 5246 5323 5714 5814 5827 5829 6032
2316 1 5375
2321 1 5375
2322 15 6227
2323 54 5412 5449
2326 249 5083 5092 5100 5106
2328 205 4994 5188 5524 5697 5714 5800 5806 5814 5822 5829 5902 6123 6296 6327 6347
2331 2 5714
2365 58 5773 5775
2369 134 5022 5037 5055 5079 5083 5123 5182 5189 5210 5215 5226 5254 5305 5321 5327 5375 5404 5412 5452 5454 5484 5545 5563 5584 5605 5624 5680 5714 5739 5775 5799 5886 5902 6001 6044 6156 6166 6227 6306 6328 6414
2371 93 5412 5459
2375 32 5568 6004
2376 22 5233 5262 5482 5822 6006 6218
2379 46 5631
2381 37 5020 5254 5449 5452 5721 6400
2384 65 4999 5061 5079 5106 5162 5226 5341 5459 5482 5511 5637 5651 5693 5753 5775 5790 6029
2387 52 5061 5189 5204 5226 5239 5341 5392 5430 5449 5511 5527 5780 5848 5886 5925 5936 5994 6148
2410 27 5079 5178 5412 5459 5743 5994 6151 6414
2411 96 5484
2412 3 6243
2440 43 5210 5412 5584 5605 5760 5819 6111 6414
2444 6 5022
2452 29 5079 5179 5378 5432 5800 5811 5814 5839 5902 6123
2456 31 4983 5028 5273 5671 5760 5760 6414
2458 7 5210 5902
2467 1 6221
2474 101 5055 6347
2480 3 5936
2485 286 5002 5026 5028 5061 5096 5100 5103 5106 5144 5178 5189 5233 5289 5323 5430 5445 5459 5482 5484 5506 5509 5529 5543 5584 5637 5640 5651 5693 5790 5804 5806 5818 5872 5922 5925 6032 6043 6123 6124 6148 6151 6227 6229 6327 6347
2502 22 5828
2504 82 4999 5079 5092 5189 5412 5449 5527 5828 5886 6006 6123 6124 6296
2506 28 4983 5055 6347
2507 64 5254 5262 5445 5624
2508 13 5083 6004
2510 69 5412
2511 4 6241
2516 36 5037 5130 5273 5459 5463 5605 5683 5743 5814 5827 5844 5947
2535 24 5020 5254 5817 6156
2542 73 5584 5714 5828 5902
2544 9 5321 5624
2545 7 5671
2547 64 5072 5073 5487 5543 6098 6337 6407
2549 63 5022 5079 5263 5301 5412 5459 5651 5743 5784 5790 5828 5928
2552 3 6094 6124
2557 77 4999
2560 89 4999 5096 5671 6043 6330
2564 49 5239 5637 5714 5848 6328 6337
2565 827 4983 4986 4999 5002 5002 5012 5022 5026 5028 5037 5055 5058 5073 5079 5092 5096 5100 5106 5130 5132 5144 5148 5179 5189 5199 5204 5210 5215 5222 5233 5239 5288 5288 5289 5295 5321 5335 5378 5392 5404 5412 5421 5430 5432 5449 5452 5454 5459 5465 5466 5500 5506 5509 5524 5529 5543 5563 5568 5582 5596 5605 5614 5637 5650 5651 5671 5693 5697 5714 5739 5760 5773 5776 5800 5800 5802 5806 5807 5811 5812 5814 5818 5822 5829 5835 5839 5871 5872 5897 5902 5922 5932 5933 5998 6000 6004 6032 6043 6044 6097 6123 6151 6174 6198 6227 6241 6243 6270 6272 6299 6305 6320 6327 6330 6347 6388 6414 6414
2566 6 5130
2576 138 5148 5254 5305 5459 5605 5721 5732 5739 5802 5814 6029 6044 6174 6320
2585 46 5121 5273 5288 5412 5891 6124
2587 12 5226 5459 5524 5684
2592 8 5484
2594 42 5412
2595 42 5178 5760 6006
2599 9 5412 6251
2605 58 4986 5106 5188 5189 5226 5301 5321 5404 5449 5459 5624 5637 5650 5651 5693 5721 6006
2613 17 6098
2619 44 5079 5563
2620 26 5254 5800 5829 5871 6305 6388
2621 8 5305 5412 6023
2623 47 5121 5176 5254 5412 5524 5605 6124 6306
2651 216 4999 5079 5092 5100 5130 5412 5445 5775 5780 5819 5844 5848
2653 102 5026
2655 30 5079 5412 5423 5449 5624 5684 6006
2657 35 5254 5273
2658 231 4983 5022 5026 5028 5083 5092 5096 5106 5130 5132 5144 5162 5204 5210 5222 5239 5245 5246 5288 5289 5378 5466 5500 5529 5800 5806 5812 5835 5872 5897 5933 6032 6043 6044 6151 6174 6243 6414
2660 148 5020 5123 5182 5423 5423 5459 5482 5683 5732 5790 5828 5837 5863 6262
2667 93 5103 5121 5123 5179 5189 5200 5233 5239 5301 5437 5439 5449 5452 5463 5482 5484 5506 5509 5524 5527 5543 5624 5684 5753 5798 5804 5886 5891 5936 5963 5994 6006 6029 6098 6124 6151 6166 6229 6327 6328 6334 6337
2674 83 5002 5430 5743 5804 5828
2677 37 5563 5697 5739 5773 5800 5807 5822 5922 5932 5998 6097 6123 6272 6327 6330
2680 6 5103 5254 5454
2686 120 4999 5123 5479 5925 5977 5980 5994 6337
2688 516 4986 4999 5026 5055 5061 5072 5073 5092 5100 5103 5106 5123 5130 5132 5144 5155 5178 5179 5182 5188 5189 5200 5204 5222 5226 5239 5254 5262 5273 5288 5295 5321 5327 5335 5335 5392 5412 5423 5430 5437 5445 5449 5452 5454 5459 5484 5506 5509 5524 5527 5543 5543 5545 5563 5596 5624 5626 5637 5651 5683 5693 5697 5732 5737 5739 5743 5753 5775 5780 5784 5790 5800 5814 5824 5827 5828 5829 5837 5844 5848 5871 5886 5891 5925 5928 5994 6029 6124 6156 6166 6221 6227 6229 6246 6251 6262 6272 6296 6306 6334 6337
2689 34 5055 5092 5100 5155 5412 5452 5454 5650 5891
2691 39 5404 5459
2693 132 5026 5130 5144 5200 5204 5254 5449 5543 5714 5739 5780 5804 5818 6004 6347
2694 17 5335 5605
2696 61 5026 5452 5459 5743 6148
2699 63 5092 5100 5335
2702 39 5055 5092 5103 5222 5683 5828 5863 5936 6124
2704 40 5072 5445 5482 5693 5850 6229
2707 100 5055 5073 5226 5404 5432 5445 5459 5582 5637 5721 5737 5775
2713 166 5721 5732
2727 35 5254
2737 16 5073 5288
2738 3 5179
2744 36 5020 5254 5263 5482 5511 5639 5640 5784 5860 5872 5936 5973 5994 6006 6021 6094 6148 6229 6246 6251
2747 65 5144
2752 5 5254
2760 20 5083 5100 5311 5412 5482 5784 5828 5850
2765 30 5341 5452 5482 5584 5973 6227
2774 45 5079 5121 5123 5262 5529 5624 5828 6006 6347
2775 36 5100 5123 5182 5273 5412 5886
2778 16 5323 5812
2790 145 5130 5254 5263 5323 5404 5412 5423 5449 5487 5697 6235 6246 6255 6330 6388
2793 6 5178
2802 3 5484
2811 9 5412 5459
2822 29 5412 5928
2831 39 5079 5144 5262 5454 5459 5605 5827 5928 6124
2851 45 5022 5037 5254 5288 5288 5412 5445 5449 5922 6006 6337
2855 13 5100 5210 6330
2871 165 4999 5026 5055 5073 5106 5130 5144 5204 5222 5288 5509 5651 5737 5775
2875 6 5020
2883 18 5226 5947
2889 11 5155 5430 5925
2905 2 5254
2908 11 5233 5753 6004 6251
2909 51 5123 5155 5189 5222 5412 5640 5651 5886
2932 50 5103 5828
2935 30 4999 5055 5058 5083 5092
2936 5 5902
2940 91 5079 5233 5626 5806 5872 6000 6004 6306
2953 10 5106
2958 48 5412
2967 232 4999 5026 5055 5058 5073 5083 5092 5100 5106 5130 5132 5176 5445 5459 6148 6306 6400
2968 37 4983 5072 5073 5459
2972 271 4986 4999 5026 5055 5061 5073 5092 5100 5106 5130 5132 5140 5144 5155 5178 5199 5204 5210 5222 5226 5239 5254 5262 5273 5295 5305 5335 5392 5404 5412 5423 5430 5449 5459 5463 5506 5524 5545 5559 5563 5626 5637 5693 5721 5732 5737 5743 5775 5776 5814 5818 5822 5844 5848 6097 6166 6170 6246 6251 6272 6330
2974 15 5743
2981 36 5022 5073 5430 5432 5459 5463 5886
2985 4 6347
2988 56 5058 5092 5178 5226 5262 5445 5459 5487 5511 5651 5684 5775 6148 6400
2989 10 4999
2995 4 5215
3000 31 4994 5123 5178 5182 5210 5800 5802 5806
3002 5 5123 5412
3007 8 5106 5563 5683
3009 38 5072 5182
3010 118 5022 5072 5130 5222 5412 5445 5449 5596 5780 5829 5871 6347
3015 30 5226 5439 5445 5459 5524 5732 5775 5780 5814 5844 5947
3024 47 5697
3026 151 4983 4999 5026 5055 5412 5452
3027 31 5079 5178 5871 6044 6124
3028 99 4999 5083 5412 5459 5928 6098 6306
3032 205 5020 5020 5022 5178 5254 5262 5323 5327 5430 5449 5452 5524 5626 5650 5651 5776 5799 5822 5828 5863 5922 5932 6001 6148 6151 6156 6170 6218 6251 6272 6334 6337 6347 6388
3034 38 5100 5412 5790
3035 13 5162 5200 5222 5412 5482
3057 36 5055 5775
3059 34 5026 6347
3073 33 5412 5897
3084 52 5079 5254 6043
3086 7 5026
3088 24 5254 5285 5452
3092 52 5123 5144 5178 5226 5239 5412 5459 5506 5714 5775 5928
3110 19 5130 5459 5743
3142 41 5210 5378 5738 5812 5925
3145 17 5233 5790
3150 9 5828
3168 69 5412 5454 5790
3175 34 5026
3176 5 6148 6400
3191 55 4986 5073 5226 5233 5288 5321 5323 5335 5341 5392 5412 5430 5449 5459 5463 5484 5592 5637 5651 5683 5693 5737 5743 5775
3192 39 5026 5452
3208 7 4999
3209 32 5026 5058 5072 5182 5947
3227 20 4983 5140 5288 5301 5822
3238 22 5100 5210 5484 5814 5839
3246 2 5222
3256 20 5412 5423
3258 69 5022 5130 5412 5902 6097
3270 2 5254
3274 60 5022 5028 5079 5123 5123 5144 5226 5262 5421 5423 5423 5459 5527 5947 6043 6305
3275 10 5459
3276 60 5026
3290 29 5563
3291 56 4999 5509 5543 6148 6151
3292 8 5002 5200 5404
3293 8 5289 5605 5614
3297 39 5262 5529 6032 6414
3309 3 5721
3310 18 6043 6151
3315 13 5457 5529 6001
3316 3 5605
3321 16 4999 5073 5412 5479
3333 14 5226 5482
3340 3 5254 6148
3345 36 5037 5123 5182 5254 5459 5596 5775 5784 5925
3348 16 5432 5806 6006 6299 6299 6330
3350 55 5189
3352 165 4999 5092 5130 5204 5222 5239 5335 5364 5412 5423 5430 5449
3355 3 5432
3366 31 5449 5454 5459 5527 5637 5693 6306
3375 36 5285 5421 5743
3378 37 5022 5178 5412 5459
3380 33 5002 5378
3381 177 5002 5002 5012 5022 5028 5188 5199 5200 5254 5288 5289 5295 5335 5384 5432 5465 5524 5543 5563 5582 5596 5697 5714 5739 5760 5776 5798 5800 5804 5806 5814 5818 5819 5822 5827 5835 5871 5872 5897 5902 5922 5932 5998 6000 6097 6123 6156 6170 6218 6221 6227 6243 6262 6272 6305 6306 6328 6334 6347
3386 11 5100
3389 2 5210
3390 47 4986 5072 5226 5335 5459 5511 5637 5651 5693 5732 5737 5743 5775
3392 26 5092 5605
3393 10 5459 5683 5897 5998 6044
3394 121 5130 5189 5204 5301 5412 5891
3402 88 5026 5083 5092 5106 5130 5222 5335 5392 5412 5449 5463 5506 5817 5817 6032
3404 73 5100 5106 5430 5439 5465 5732 5839 5844 5886 5891 5947 6029
3417 31 5026 5335 5341
3425 1 5375
3439 69 5188 5254 5412 5827
3445 15 5100 5182 5947
3447 214 4983 4986 4994 4999 5002 5002 5020 5043 5055 5058 5061 5079 5106 5123 5144 5178 5179 5188 5189 5200 5204 5226 5262 5273 5295 5305 5432 5449 5459 5463 5479 5506 5524 5529 5543 5563 5596 5605 5637 5680 5683 5697 5737 5743 5760 5775 5800 5804 5814 5818 5819 5827 5829 5844 5871 5886 5932 5998 6044 6097 6241 6270 6272 6299 6305 6306 6327 6330
3449 306 4986 4999 5020 5026 5044 5055 5061 5072 5073 5083 5092 5100 5103 5106 5123 5130 5132 5144 5155 5162 5178 5182 5189 5204 5215 5222 5226 5239 5262 5288 5301 5327 5335 5335 5341 5392 5404 5412 5415 5423 5423 5430 5432 5437 5439 5445 5449 5452 5454 5459 5463 5506 5509 5511 5524 5527 5539 5543 5545 5559 5568 5584 5624 5637 5640 5650 5651 5680 5684 5693 5732 5737 5743 5753 5775 5780 5790 5798 5804 5828 5837 5844 5848 5850 5863 5886 5891 5925 5928 5936 5947 5973 5994 6006 6029 6098 6124 6164 6166 6218 6229 6246 6251 6262 6296 6306 6328 6337 6400
3450 27 5817
3452 91 4999 5020 5055 5061 5092 5106 5121 5155 5178 5301 5449 5459 5651 5693 5753 5844 5947 5963 5994 6006
3453 241 4986 4999 5026 5028 5055 5058 5061 5072 5073 5079 5092 5100 5106 5130 5140 5144 5178 5182 5188 5189 5200 5204 5222 5226 5239 5254 5273 5392 5412 5430 5445 5459 5463 5506 5524 5543 5543 5605 5637 5650 5651 5680 5693 5714 5721 5737 5739 5743 5775 5780 5802 5804 5822 5827 5829 5844 5871 5886 5891 6006 6272 6296 6347
3454 124 4999 5026 5055
3455 59 5026 5055 5073 5083 5092 5100 5817
3456 250 4999 5002 5020 5020 5026 5028 5033 5055 5079 5092 5100 5106 5123 5130 5132 5144 5155 5176 5178 5188 5200 5204 5210 5226 5246 5254 5295 5335 5335 5412 5421 5430 5449 5459 5524 5524 5543 5543 5596 5605 5639 5640 5684 5697 5714 5739 5743 5760 5775 5800 5822 5827 5828 5829 5839 5844 5848 5897 5902 5947 6098 6328 6337
3457 97 5026 5073 5092 5239 5288 5289 5327 5430 5432 5437 5479 5753 5800 5827 6004 6123
3458 61 5002 5055 5073 5083 5412 5421 5804 5897 5947 5963 6337
3459 73 4986 5061 5103 5144 5155 5178 5199 5226 5254 5262 5301 5321 5437 5449 5506 5524 5524 5559 5596 5624 5739 5780 5844 5871 5886 6029 6124 6221 6272 6299
3460 17 5073 5083 5178 5289 5596 5819
3461 49 4986 5563 5592 5651 5680 5693
3462 36 5484
3463 54 5106 5204 5239
3465 3 5301
3466 12 4986 5073
3469 21 5844 6262
3472 9 4999 5083
3478 42 5179 5226 5288 5335 5454 5543 5732 5775 5799 5814 5829 5850 5994 6006 6124 6227
3479 83 4999 5130 5459 5637 5693 5732 5737 5743 5844 6098 6124
3483 16 5263 5430 5484 6251
3492 1 5814
3495 1 5375
3498 96 4986 5022 5061 5072 5155 5189 5254 5412 5423 5449 5452 5454 5459 5463 5482 5509 5524 5527 5637 5651 5683 5693 5721 5743 5753 5780 5790 5828 5837 5844 5863 5902 5936 5991 5994 6098 6299 6328
3519 49 5144 5459
3521 23 5844 5886 6328
3522 53 5073 5233 5254 5454 5511 5543 5630 5639 5640 5683 5790 5818 5902 5963 5994 6124 6148 6246
3527 47 5012 5288
3535 5 4994 6148
3556 11 5204 5222
3563 3 5479
3568 128 4999 5130 5200 5254 5262 5459 5484 5509 5844 5848 5863 5928
3571 39 5028 5103 5106 5288 5799 5814 5818 5872 5922 5925 6044 6227
3586 135 4994 5022 5037 5079 5103 5123 5178 5188 5199 5200 5210 5254 5335 5423 5479 5484 5524 5524 5527 5543 5563 5605 5624 5684 5714 5739 5753 5760 5799 5800 5804 5806 5811 5814 5819 5827 5839 5872 5886 5902 6032 6043 6044 6123 6227 6251 6270 6272 6296 6311 6327 6344 6414
3587 4 6328
3593 26 4999 5384 5404 5452 5680 5776 5848
3600 6 5430 6123
3601 41 5189 5392 5680 5732 5737 5743 6156 6251
3603 10 5254
3607 24 5022 5233 5543 5684
3614 187 4999 5022 5026 5055 5072 5073 5079 5092 5100 5103 5106 5121 5123 5155 5178 5182 5222 5226 5239 5335 5412 5430 5454 5459 5463 5524 5543 5543 5563 5596 5637 5680 5684 5693 5714 5732 5737 5739 5743 5753 5775 5798 5802 5804 5818 5828 5837 5844 5848 5922 5925 5947 6006 6124 6227 6229 6327
3615 113 5121 5130 5132 5804
3624 49 5459 5637 5684
3631 70 5022 5055 5072 5254 5412 5449 5509 5539 5568
3634 57 5002 5022 5028 5155 5210 5210 5323 5423 5463 5509 5800 5806 5812 5886 5925 5928 6218 6251 6337
3635 33 6243
3636 11 5254
3639 11 5055
3641 194 5022 5037 5073 5079 5103 5121 5182 5295 5321 5321 5335 5404 5404 5412 5415 5437 5439 5449 5452 5454 5459 5506 5524 5527 5543 5543 5563 5596 5605 5693 5697 5714 5739 5743 5753 5800 5802 5811 5818 5829 5848 5871 6098 6105 6123 6124 6148 6227 6229 6272 6347
3642 291 5002 5012 5020 5022 5037 5061 5072 5079 5103 5121 5123 5140 5178 5179 5182 5188 5200 5210 5226 5233 5233 5262 5263 5273 5288 5295 5301 5321 5335 5384 5404 5415 5423 5437 5439 5459 5479 5482 5524 5527 5529 5543 5543 5545 5545 5563 5584 5596 5624 5626 5680 5693 5714 5721 5732 5737 5739 5743 5753 5760 5773 5775 5780 5790 5799 5800 5800 5802 5804 5814 5818 5824 5827 5828 5829 5837 5844 5848 5871 5886 5891 5902 5925 5928 5936 5947 5994 6001 6004 6006 6029 6098 6124 6148 6151 6156 6161 6166 6170 6218 6221 6229 6246 6251 6262 6296 6299 6305 6306 6323 6327 6328 6330 6334 6337 6347 6400 6414
3643 35 5103 5226 5452 5743 6029
3655 7 5055
3656 4 5288 5288
3658 38 5140 5335 5341 5459 5509 5651 5799 6227
3660 67 4983 5092 5130 5132
3662 4 6334
3665 13 5233 6330
3666 125 4986 5100 5130 5189 5239 5288 5323 5327 5335 5335 5430 5445 5449 5459 5463 5484 5506 5509 5568 5592 5683 5743 5790 5828 5863 5936 5947 5994 6098
3673 5 5204
3679 2 5886
3683 7 5246
3691 70 5020 5020 5288 5295 5335 5404 5449 5459 5513 5568 5739 5760 5800 5835 5902 5963 6032 6305
3692 4 5423 5484
3723 7 5412
3728 71 4983 5083 5100 5327 5341 5412 5430 5506 5775 5780 5828 5936 5994 6347
3729 12 5484
3743 8 5123
3747 3 5790
3748 26 5026 5848
3751 10 5178 5210 6337
3752 15 5412 5605 6241
3762 8 5288
3764 6 5922 6330
3770 9 5432
3777 7 5239
3785 15 5200 5693
3786 72 5002 5020 5072 5155 5254 5288 5321 5321 5341 5412 5423 5445 5452 5454 5463 5559 5624 5651 5683 5721 5737 5760 5780 5790 5863 5936 5963 5973 6262 6337
3787 233 4999 5002 5022 5028 5055 5083 5148 5162 5254 5263 5288 5305 5321 5321 5327 5378 5392 5412 5415 5445 5449 5452 5454 5457 5482 5484 5529 5568 5582 5683 5684 5760 5784 5790 5798 5800 5804 5814 5828 5863 5902 5936 5963 5973 5994 6044 6156 6246 6251 6255 6262 6305 6306 6320 6328 6347 6388 6400
3792 19 4999 5295 5509 5714 6296 6305 6337 6347
3794 44 5026 5072 5392 5423 5484 5484 5753 5818 5848 6148 6347
3796 107 5020 5026 5055 5058 5061 5072 5073 5083 5092 5100 5106 5123 5130 5144 5182 5204 5226 5239 5301 5459 5683 5693 5737 5743 5775 5780 5828 5844 5848 5886 5891 5947 5963
3798 18 5155 5178
3806 31 5327 5392 5511 5639 5814
3812 32 5684 6337
3813 72 5079 5106 5132 5254 5404 5445 5454 5459 5527 5592 5683 5721 5739 5743 5780 5863 5922 5963 6123 6156
3815 14 5732
3830 18 5073 5100 5412 5463 5479 6098
3835 26 5020 5335 5430 5449 5454 5650 5922
3845 7 5288
3854 79 4999 5026 5055 5061 5072 5301 5412 5430 5445 5459 5463 5637 5651 5737 6098 6148
3863 5 5308
3869 5 4999
3871 5 4999 5162
3872 10 4999 5384
3873 3 5563
3877 10 5295
3885 2 5466
3900 3 5818 5925
3910 14 5020 5020 5022 5123 5254 5780 5799
3916 25 5079 5454 5459 5605 5714 5775 6123 6124
3917 23 4999
3918 4 5559
3919 14 5121 5188 5222 5288
3920 6 6299
3922 5 5412 5947 6299
3925 6 5210
3932 4 5626
3956 55 4983 5100 5130 5321 5412 5484 5775 5804 5871 5886 6337
3958 16 5301 5605 5928 6123
3960 11 5254 5327 5392 5640
3965 79 5022 5079 5130 5178 5288 5321 5437 5524 5605 5802 5819 5822 5902 5932 5947 6006 6043 6044 6124 6148 6156 6174 6306 6414
3969 58 5012 5026 5058 5182
3971 4 5524
3976 43 5002 5123 5463 5509 5886 6097 6098
3978 2 5818
3982 17 5079 5902 6097 6337
3983 4 5452
3985 26 6296
3995 53 5061 5144 5155 5178 5188 5200 5204 5273 5437 5459 5637 5680 5743 5780 5827 5848 5886 5891 5947
4001 27 4994
4008 7 5484
4013 4 5123
4024 2 4986
4036 139 4986 5022 5028 5037 5061 5072 5083 5189 5254 5288 5404 5423 5430 5445 5449 5452 5454 5459 5506 5509 5529 5543 5605 5614 5637 5650 5651 5680 5683 5693 5732 5737 5743 5780 5790 5814 5819 5827 5828 5835 5897 5925 5928 5936 5994 6044 6123 6148 6229
4037 7 5226 5693 6124
4040 71 5123 5178 5404 5459 5693 5732 5743 5839 6043
4041 54 4987 5121 5178 5200 5204 5239 5262 5412 5439 5459 5624 5650 5737 5829 5844 5886 5925 6098 6124 6306 6337
4044 53 5058
4045 244 4994 4999 5002 5026 5055 5061 5072 5073 5092 5100 5103 5106 5121 5123 5130 5132 5140 5144 5182 5188 5204 5215 5222 5226 5262 5273 5288 5288 5301 5404 5404 5437 5439 5445 5479 5524 5527 5543 5543 5545 5563 5584 5624 5680 5684 5739 5753 5773 5775 5776 5780 5790 5799 5814 5818 5822 5827 5844 5848 5886 5891 5925 5928 5932 5947 5998 6006 6029 6097 6098 6124 6148 6156 6166 6229 6327 6337
4046 40 4999 5012 5083 5233 5289 5384 5432 5500 5582 5814 6241 6320 6414
4055 3 5106 6347
4056 20 5055 5963
4063 26 5123 5178 5262 5412 5545 5697 6098 6305
4065 104 4999 5026 5037 5178 5543 5584 5624 5760 5871 5932 5998 6004 6097
4070 56 5026 5055 5061 5100 5106 5182 5204 5222 5226 5445 5449 5459 5693 5732 5775 5828
4071 15 5412 5684 5775 6296
4073 90 5061 5130 5140 5178 5189 5200 5226 5233 5412 5430 5452 5637 5651 5891 6098
4076 52 5072 5106 5130 5132 5592 5640 5804
4077 63 5100 5106 5130 5155 5204 5222 5392 5412 5430 5449 5463
4082 15 5182 5245 5463 5680 5784 5790 5837 5848 5863 5963
4099 101 5022 5028 5083 5100 5123 5178 5188 5189 5226 5262 5412 5459 5463 5484 5524 5527 5545 5563 5605 5624 5637 5671 5680 5684 5714 5743 5760 5800 5818 5827 5828 5871 5886 5897 5902 6006 6123 6124 6299 6306
4110 4 5055
4116 8 5484
4127 42 4999 5055 5058
4130 2 4983
4136 27 5301 5928 5947
4138 59 4986 5155 5189 5484 5506 5509 5568 5637 5650 5651 5732 5737
4140 10 5064 5605 5614
4144 38 5144 5254 5392 5449 5463 5626 5732 5863 6006 6221 6246
4145 2 5061
4151 79 5055 5100 5115 5144 5188 5459 5637 5714 5743 5799 5818 5844 6166 6306
4152 34 5144
4162 15 5037 5055
4169 4 5233
4175 7 5233 6006 6148
4186 7 5445
4187 8 6006
4189 9 5288
4191 14 5412 5848
4192 7 5012 5484 5998
4204 2 5204
4211 39 5055 5073 5092 5199 5445 5800
4212 30 4999 5123 5130 5178 5737
4219 101 5022 5026 5073 5092 5106 5130 5132 5144 5162 5204 5239 5301 5323 5459 5800
4221 41 5002 5200 5226 5254 5295 5459 5484 5714 5818 5871 6001 6032 6124
4222 28 5083 5132 5204 5790
4223 5 5850
4233 2 5204
4261 23 5026 5055
4263 1 5445
4266 11 5061 5780
4269 3 5404
4273 19 5626 6170
4275 4 5026
4276 47 5072 5144 5189 5204 5226 5423 5430 5637 5651 5737 5743 5775
4291 4 6306
4295 16 5100 5144 5459 5743
4297 32 5254 5412 5463 5543 5811 5818 5819 5839 5871
4298 10 5285
4308 2 5140 5162
4310 225 4983 4986 5002 5020 5028 5061 5072 5096 5123 5155 5178 5179 5182 5188 5189 5199 5226 5254 5262 5273 5288 5301 5321 5404 5404 5412 5423 5439 5445 5449 5452 5459 5463 5484 5484 5506 5509 5524 5524 5543 5543 5563 5584 5624 5637 5651 5680 5683 5684 5697 5732 5739 5743 5760 5775 5798 5800 5804 5806 5814 5818 5822 5839 5844 5848 5871 5872 5886 5902 5928 5932 5947 5994 5998 6001 6006 6032 6043 6044 6097 6098 6123 6124 6151 6156 6243 6296 6299 6299 6328 6337 6414
4314 3 5928
4315 19 5412 5449
4316 8 4987
4319 4 5412 5484
4326 5 5714
4329 9 5106
4331 2 6174
4335 28 5028 5037 5079 5121 5144 5273 5412 5671 6414
4338 11 5423 5714
4342 8 5073 5092
4343 4 6006
4347 33 4983 5466 5933 6032 6174 6330 6414
4353 69 5155 5178 5189 5226 5262 5288 5327 5335 5335 5392 5412 5445 5449 5454 5459 5482 5506 5509 5637 5693 5732 5743 5775 5844 5886 5925 6229 6262 6296 6328
4354 4 5100
4355 40 5155 5204 5215 5412 5415 5459 5509 5737 5775 5780
4363 13 5524
4364 14 5083 5199 5511 5817 6246
4371 4 5100
4383 3 5807
4398 8 5925
4400 2 5412
4401 5 5022 5605
4409 6 6043 6306
4416 5 5543 5714
4422 7 5922
4425 1 6334
4428 12 5092 5222 5848
4431 4 5288
4432 8 5103 5814 5818 5925
4433 17 5404
4437 33 5199 5289 5432 5775 5776 5806 5897 5932 6097 6123 6299
4438 4 5204
4441 186 4994 4999 5002 5022 5028 5055 5073 5092 5100 5106 5130 5132 5140 5144 5148 5200 5204 5378 5404 5412 5421 5423 5439 5445 5671 5684 5780 5798 5799 5804 5812 5837 5844 5848 5863 5928 5947 6006 6032 6043 6098 6151 6174 6328 6334 6337 6414
4442 15 5073 5092 5100 5204
4443 4 5179 5799
4447 12 5818 5860 5872 5925
4448 32 5144 5308 5309 5335 5412
4455 16 5178 5288 6270 6327
4456 3 5671
4459 4 5404
4468 8 5215
4482 6 5239 5563
4483 137 4986 5002 5055 5058 5079 5123 5148 5155 5188 5200 5204 5239 5254 5262 5301 5459 5484 5509 5524 5524 5527 5529 5545 5563 5592 5596 5614 5684 5739 5743 5753 5760 5790 5799 5800 5802 5804 5806 5811 5829 5839 5863 5871 5994 6151 6166 6221 6243
4485 11 5563
4487 6 5412
4488 35 5037 5200 5288 5392 5412 5743 5819 6123 6156
4489 11 5254 6334
4509 11 5073 5092 5100 5106 5204
4524 7 5210 5773 6000
4527 6 5130 5176
4530 6 5743
4532 6 5096 5179
4534 16 5178 5545
4536 58 4986 4993 4999 5037 5045 5055 5058 5072 5073 5100 5189 5226 5254 5500 5563 5650 5743 5775
4542 2 6006
4547 41 4999 5044 5055 5058 5083 5144 5459
4550 81 4986 5037 5072 5123 5155 5189 5262 5321 5323 5335 5392 5423 5430 5452 5463 5484 5506 5509 5511 5539 5559 5568 5592 5637 5650 5651 5683 5891 5963 6029 6251 6305 6330
4553 2 5392
4557 15 5072 5182 5226 5445 5743 5780 6029
4563 11 5092 5130 5132
4564 30 5002 5452 5459
4574 37 5079 5179 5182 5301 5412 5459 5828 5963 6044 6262 6305 6337
4586 5 5683
4587 25 4999 5130 5844 5947
4592 3 5133
4598 34 5028 5072 5096 5121 5178 5301 5404 5584 5697 5776 5790 5829 5839 5871
4600 15 4999 5189 5341 5445 5482 6229
4604 3 5188
4616 6 5799
4630 2 5254
4631 1 5545
4632 202 4994 5002 5012 5020 5022 5079 5083 5092 5100 5121 5123 5178 5189 5200 5222 5233 5233 5262 5288 5327 5335 5335 5404 5404 5423 5437 5439 5466 5484 5484 5524 5524 5529 5671 5684 5693 5743 5753 5760 5780 5798 5800 5804 5807 5819 5827 5872 5886 5891 5933 5936 5947 6006 6043 6097 6124 6151 6156 6166 6174 6218 6227 6251 6299 6305 6306 6328 6414
4647 9 5123
4652 4 5144 5543
4653 80 4994 5123 5162 5189 5200 5204 5208 5215 5222 5226 5260 5308 5327 5459 5463 5484 5509 5563 5637 5650 5663 5680 5737 5743 5844 6164
4654 2 6148
4659 3 4999
4661 19 5459 5563 5563 5596 5804 5822
4662 44 5083 5123 5452 5454 5459 5693 5760 5897 5925 5947 5963
4663 6 4999
4666 23 5482 5506 5850
4669 9 5800
4671 6 5459
4673 68 4994 5092 5106 5140 5188 5200 5210 5273 5423 5439 5479 5584 5626 5684 5798 5799 5804 5827 6006 6156 6218 6328 6334 6337
4681 10 5055
4682 14 4999
4686 40 5092 5100 5106 5130 5155 5295 5308 5392 5404 5404 5412 5449 5452 5463 5743 5928
4687 19 4983 5254 5543 5543 5824 6400
4688 59 4983 4999 5026
4693 2 5162
4709 24 5037 5055 5459 5524 5684 5775 6123
4710 7 5100 5239
4712 91 5002 5028 5123 5155 5178 5189 5254 5288 5449 5452 5459 5463 5524 5527 5543 5545 5651 5743 5753 5776 5800 5811 6006 6123 6306 6328 6330 6334 6337
4714 3 5775
4715 8 5020 5790 5844
4717 57 5123 5178 5254 5273 5439 5463 5524 5596 5624 5650 5697 5743 5760 5829 6221 6272
4718 31 5026 5123 5204 5222 5239 5449 5459 5630 5743 5844 5886
4725 33 4983 5073 5092 5106 5130 5132 5144 5204
4726 12 5222
4733 4 5947
4739 11 5028 5863
4746 7 5178 6296
4748 19 5182 5204 5301 5335 5430 6334
4750 3 6124
4751 4 5083
4756 32 5058 5083 5092 5233 5457 5459 5737 5760
4760 5 5055
4764 52 5022 5106 5123 5200 5254 5273 5454 5479 5484 5543 5721 5800 5818 5844 5947 6006 6043 6123 6221 6229 6243
4767 10 5254 5543 5963 6006
4781 28 4999 5028 5178 5479 5484 5484 5624 5828 6124 6246
4788 15 5829 6032
4792 45 5020 5022 5028 5079 5148 5254 5273 5459 5465 5466 5524 5605 5732 5739 5829 5871 6032 6044 6124
4795 66 5012 5079 5096 5123 5200 5210 5210 5254 5288 5406 5439 5459 5773 5814 5839 5891 5933 5950 6032 6151 6218 6270 6328 6337 6407
4796 3 5226
4813 45 4994 5037 5140 5200 5204 5439 5479 5626 5799 6006
4814 16 4999 5199 5226 5459
4818 15 4983 5162 5375 5484
4821 1 5162
4824 88 4986 5072 5079 5103 5123 5155 5182 5215 5226 5288 5289 5301 5321 5432 5459 5506 5513 5527 5639 5650 5651 5680 5693 5721 5732 5737 5743 5753 5775 5780 5828 5837 5844 5848 5886 5891 5902 5925 5947 6006 6098 6124
4825 2 5775
4828 105 5020 5123 5155 5178 5239 5262 5263 5321 5335 5404 5439 5449 5452 5506 5524 5545 5563 5596 5697 5714 5739 5806 5811 5818 5829 5871 5872 5922 5936 6001 6004 6044 6098 6272 6305 6330 6337 6347
4829 57 5002 5079 5092 5155 5295 5327 5335 5392 5412 5430 5449 5506 5543 5739 5800 5802 5818 5839 5933 6156 6170 6388
4840 3 5482
4842 2 4999
4843 12 5423 5484 5484 5651 5714 5828 5850
4846 24 5092 5106 5189 5239 5484 5568
4850 3 4999
4852 3 5178
4853 3 5162
4856 2 5651
4859 29 4999 5026 5055 5106 5130 5144 5222
4864 4 4999 5902
4879 20 5289 5760 5806 5835 5872 6243
4882 5 5817
4883 4 5596 5714
4894 34 5121 5123 5189 5335 5459 5482 5543 5799 5844 6029
4898 5 4999 5392
4899 160 4986 4994 5055 5061 5072 5073 5092 5100 5103 5106 5123 5130 5132 5140 5144 5155 5178 5182 5189 5199 5200 5204 5222 5233 5239 5262 5301 5392 5430 5437 5445 5449 5452 5459 5463 5479 5545 5568 5626 5637 5680 5693 5743 5753 5775 5780 5799 5812 5819 5827 5844 5863 5886 5897 5925 5947 5963 6004 6006 6029 6098 6124 6246 6251 6299 6327 6328
4915 5 5200 5404
4924 9 5079 5262 5404 5545 6251
4929 4 5144
4936 2 5144
4937 14 4999 5026 5055
4938 13 5162 5222 5323 5341 5412 5452 5506 5511
4943 31 5092 5100 5432
4944 3 4986
4947 8 5026 5055 5073
4948 194 4983 4983 5026 5028 5055 5072 5092 5096 5100 5106 5130 5144 5148 5162 5189 5200 5204 5210 5215 5222 5226 5239 5288 5311 5326 5327 5335 5378 5392 5412 5426 5454 5459 5465 5506 5509 5568 5605 5671 5721 5732 5737 5743 5773 5800 5806 5812 5819 5839 5844 5872 5925 6044 6151 6320
4960 8 5799 6006
4964 51 5055 5073 5092 5100 5106 5200 5204 5222 5262 5273 5404 5412 5459 5524 5524 5760 5819 5844 5886 5969
4966 25 5002 5072 5083 5106 5144 5162 5335 5459 5592 5683
4967 317 4986 4994 4999 5002 5002 5026 5037 5055 5058 5061 5072 5073 5083 5092 5100 5103 5106 5121 5123 5130 5140 5144 5155 5178 5179 5182 5188 5189 5200 5204 5222 5226 5239 5254 5262 5273 5301 5335 5335 5392 5404 5412 5423 5430 5432 5437 5439 5445 5459 5463 5479 5506 5509 5524 5524 5527 5543 5543 5545 5563 5568 5584 5596 5624 5637 5650 5651 5680 5684 5693 5697 5714 5721 5732 5737 5739 5743 5753 5775 5776 5780 5790 5798 5799 5802 5804 5807 5814 5818 5822 5827 5828 5829 5837 5844 5848 5863 5871 5886 5891 5922 5925 5928 5932 5936 5947 5994 5998 6001 6006 6029 6097 6098 6124 6148 6156 6166 6170 6218 6221 6227 6229 6246 6251 6272 6296 6327 6328 6330 6337
4970 6 6098 6229
4974 41 5055 5123 5130 5144 5204 5215 5239 5463 5524 5743 5775 5844 5872 5886
4976 20 4999 5100 5215 5680 5886
4980 12 5178 5543 5637 5651
4981 49 4983 4983 5002 5037 5073 5079 5188 5430 5584 5605 5671 5714 5807 5947 6151
4982 27 4983 5058 5083 5092 5100 5115 5144 5254 5327 5454 5459 5539
4988 22 5026 5092 5106 5178 5404 5459 5790 5994 6246
4989 4 6262
4992 4 4993
4993 3 5144
4994 17 5199 5524 5760 5800 5897 6043 6299
5002 116 4992 5037 5061 5144 5148 5182 5188 5189 5199 5204 5210 5210 5233 5239 5254 5273 5404 5432 5459 5484 5584 5721 5737 5773 5800 5802 5806 5814 5822 5827 5844 5872 5925 6123 6124 6198 6221 6296 6327
5006 16 5132 5210 5412 5459 5743
5008 23 5073 5083 5130 5144 5189 5303 5323 5449 5484 5928
5009 14 5026 5130 5222 5239 5524 5848
5010 3 5079
5011 9 5254 5285 5506 5584
5013 6 5288 5449
5015 9 5002 5199 5760 6044
5016 8 5100 5162 5509
5017 4 5020 5254
5019 1 5022
5020 45 5022 5073 5130 5178 5204 5350 5368 5423 5430 5449 5452 5463 5651 5760 5963 6094 6229 6251
5022 173 4994 5020 5037 5121 5140 5178 5179 5182 5188 5210 5233 5254 5262 5263 5301 5335 5404 5415 5423 5439 5482 5487 5524 5524 5543 5543 5545 5563 5624 5626 5638 5684 5697 5738 5739 5753 5760 5798 5799 5807 5809 5814 5818 5824 5829 5863 5886 5891 5936 5947 5950 5963 5973 5977 6001 6006 6023 6094 6148 6151 6161 6164 6170 6218 6229 6246 6251 6255 6262 6305 6327 6330 6334 6337 6347 6388 6388 6407 6409
5024 4 5026 6148
5028 40 4986 5079 5254 5605 5614 5671 5814 5839 6006 6023 6218 6334 6414
5029 21 5155 5327 5430 5449 5459
5031 1 4983
5037 18 5055 5123 5295 5563 5605 5680 5743
5038 5 5928 6004
5039 7 5073
5043 2 5092
5048 5 5233 5524
5050 7 5020 5130 5452 5484 6337
5051 8 5055 5775
5052 1 5055
5053 53 5022 5028 5055 5079 5262 5671 5760 5775 5835 5897 5933 6043 6123 6151 6299 6337
5054 2 5055
5059 15 5432 5932 6097
5061 4 5543 5684
5068 10 5096 5452 5454
5069 4 5002 5002
5070 3 5096 5123
5072 3 5073 6174
5078 3 5130 5341
5079 240 4983 4986 4994 5037 5061 5100 5121 5123 5130 5144 5148 5178 5188 5189 5199 5200 5204 5215 5226 5254 5262 5263 5273 5289 5301 5327 5368 5393 5404 5437 5439 5449 5454 5459 5466 5499 5506 5524 5524 5527 5543 5543 5545 5563 5563 5568 5584 5596 5624 5637 5638 5684 5693 5697 5714 5732 5737 5739 5743 5760 5775 5780 5798 5799 5802 5812 5817 5824 5827 5828 5829 5837 5844 5871 5872 5886 5891 5902 5947 5950 6006 6098 6124 6156 6170 6221 6272 6306 6320 6328 6337 6347 6388
5080 2 5096
5081 3 5083
5084 1 5083
5086 1 5092
5087 1 5092
5088 1 5092
5089 8 5092 5262 6328
5090 3 5092 5459
5091 1 5092
5093 1 5963
5095 2 5100
5096 14 5072 5100 5327 5412 5683 5973 6044 6174
5097 1 5100
5098 2 5100
5099 9 5239 5640
5102 48 5012 5028 5079 5103 5106 5182 5188 5210 5254 5288 5484 5605 5773 5812 5814 5818 5922 5936 6029 6227 6330
5103 118 5002 5022 5028 5064 5079 5106 5148 5178 5465 5524 5529 5584 5605 5624 5671 5714 5799 5804 5814 5839 5922 6006 6032 6097 6227 6306 6400
5104 3 5106 6151
5105 1 5106
5106 24 4983 5022 5103 5412 5459 5664 5922 5925 6227
5110 84 5123 5123 5130 5132 5144 5162 5176 5178 5182 5204 5210 5215 5222 5262 5263 5301 5323 5327 5335 5341 5392 5412 5415 5423 5430 5439 5457 5487 5545 5684 5798 5802 5804 5886 5891 5925 5928 5947 5963 6246 6251 6255 6337 6388 6400
5111 3 5130
5118 9 5459 5743
5119 18 5130 5132 5144 5204 5222 5463
5121 9 5130 5301 5902 6296
5122 1 5130
5123 60 5020 5130 5178 5182 5226 5449 5459 5466 5543 5568 5624 5671 5684 5737 5760 5775 5799 5814 5891 6124 6299 6299 6306 6337
5124 1 5130
5125 16 5130 5178 5445 5680 5753 5936 6229 6296 6306
5126 3 5130 5144
5138 1 5144
5139 8 5144 5182 5963
5140 50 5144 5188 5239 5273 5295 5457 5584 5827 5844 5886 5963
5141 1 5144
5142 4 5144
5143 8 5806
5150 14 5254 5459 5680 5743 5775
5151 3 5430
5152 4 5204 5215
5153 5 5188 5437 5753 5963
5154 2 5162
5155 16 5162 5239 5392 5430
5158 1 5162
5159 1 5162
5160 9 5162 5210 5392 5452 5506
5161 1 5162
5163 1 5162
5164 2 5162 5872
5166 41 5079 5096 5162 5524 5563 5714 5806 5814 6123 6330
5171 40 4994 5188 5189 5262 5459 5543 5637 5775 5844 5886 6098 6164 6221 6327
5172 18 5028 5079 5178 5459 5780 5828 6006
5173 121 5012 5179 5199 5210 5233 5285 5384 5404 5421 5465 5484 5500 5529 5640 5683 5714 5738 5772 5773 5784 5790 5800 5800 5806 5812 5839 5902 5922 5969 5998 6000 6156 6270 6299 6323 6327 6414
5174 6 5200
5175 20 5189 5459 5650 5651 5743 5775
5176 100 4986 5020 5072 5103 5123 5123 5155 5182 5189 5226 5263 5301 5326 5392 5423 5426 5430 5449 5454 5459 5463 5484 5506 5509 5524 5543 5568 5637 5650 5651 5693 5721 5732 5737 5743 5756 5775 5780 5886 5891 5925 5928 5947 5994 6029
5177 92 4994 5002 5002 5079 5123 5140 5178 5179 5188 5246 5254 5262 5423 5437 5439 5457 5524 5524 5527 5545 5697 5714 5798 5800 5804 5827 5839 5871 5947 5994 6006 6023 6094 6124 6148 6164 6166 6221 6229 6251 6262 6296 6306
5178 15 4986 5096 5543 5753 6098 6124 6156 6170
5179 212 5002 5002 5012 5020 5020 5022 5072 5079 5103 5121 5178 5188 5200 5210 5226 5233 5254 5263 5288 5335 5404 5404 5423 5437 5439 5445 5454 5459 5509 5524 5524 5527 5529 5543 5543 5563 5637 5683 5684 5693 5697 5721 5732 5737 5739 5743 5753 5760 5775 5776 5798 5800 5802 5804 5807 5814 5871 5902 5998 6001 6023 6029 6098 6123 6124 6148 6151 6156 6170 6221 6229 6246 6251 6255 6262 6270 6272 6296 6299 6305 6306 6327 6328 6330 6334 6337 6400 6407 6414
5180 47 5061 5123 5182 5226 5445 5454 5459 5482 5680 5693 5743 5775 5780 5790 5837 5844 5848 5863 5886 5891 5925 5928 5947 5963 5994
5181 29 5188 5254 5459 5484 5651 5680 5693 5827 5837 5844 5848 5863
5182 14 5123 5262 5263 5568 5743 5828 5848 5863
5184 64 4986 5020 5155 5189 5335 5392 5412 5430 5449 5459 5463 5506 5509 5568 5637 5650 5651 5693 5743 5775 5891 5925 5947
5185 120 4986 5037 5123 5178 5188 5200 5254 5295 5378 5439 5459 5479 5524 5543 5563 5596 5605 5614 5684 5697 5714 5753 5760 5798 5799 5800 5800 5802 5804 5818 5827 5829 5871 5897 5925 5947 6001 6004 6006 6124 6156 6170 6218 6221 6227 6229 6251 6272 6299 6299 6305 6306 6328
5187 28 5061 5123 5301 5321 5457 5459 5482 5637 5640 5680 5721 5775 5784 5828 5844 5848 5860 5863 5886 5891 5925 5928
5188 211 4986 4994 5002 5002 5037 5061 5072 5140 5179 5189 5199 5200 5226 5254 5263 5273 5288 5445 5454 5459 5479 5506 5509 5524 5543 5563 5568 5584 5592 5596 5626 5637 5650 5651 5680 5684 5693 5697 5714 5732 5737 5739 5743 5775 5776 5780 5790 5798 5799 5802 5804 5814 5818 5822 5827 5828 5829 5837 5844 5848 5863 5871 5886 5891 5897 5922 5925 5932 5998 6001 6004 6097 6156 6170 6221 6227 6262 6272 6299 6299 6305 6306 6327 6328 6330
5189 237 4986 5022 5079 5096 5103 5121 5123 5140 5155 5178 5182 5200 5226 5233 5233 5262 5288 5289 5301 5321 5321 5327 5335 5335 5392 5404 5404 5412 5423 5430 5437 5445 5449 5459 5463 5466 5487 5506 5509 5524 5529 5543 5543 5545 5559 5563 5568 5596 5624 5626 5637 5651 5680 5684 5693 5697 5737 5743 5753 5760 5775 5798 5799 5800 5804 5806 5812 5819 5824 5829 5837 5839 5844 5863 5872 5886 5891 5925 5928 5936 5947 5973 5994 6004 6006 6023 6044 6094 6098 6123 6124 6148 6166 6218 6229 6246 6251 6262 6296 6305 6327 6330 6334 6337
5190 56 4986 5123 5155 5182 5189 5335 5392 5412 5423 5430 5454 5459 5463 5506 5568 5637 5650 5651 5683 5693 5828 5963
5191 5 5392
5193 15 5188 5482 5539 5863 5872
5194 9 5072 5178 5204 5457 6262
5195 3 5204
5196 29 5079 5178 5204 5254 5289 5543 5802 5804 5871 5963 6166 6251
5197 3 5204 6004
5198 5 5123 5204
5199 19 5200 5204 5459 5819 5829
5200 14 5204 5215 5412 5463 5465 5897
5201 12 5079 5204 5378 5412 5459
5202 2 5204
5203 12 5020 5200 5204 5463
5207 9 5200 5233 5814 5925 5947
5213 1 5215
5214 1 5215
5215 7 5200
5217 17 5020 5123 5178 5404 5459 5743 5760 6299
5218 1 5222
5219 1 5222
5220 1 5222
5221 1 5222
5222 1 5479
5224 1 5231
5225 1 5231
5226 13 5079 5123 5262 5605 5671 5680 5886 5947
5233 19 5239 5288 5430 5818 6004 6044
5238 2 5239
5241 2 5245
5242 1 5245
5243 11 5245 5430
5244 1 5245
5246 29 5182 5392 5524 5543 5827 5839 6029
5250 5 5539 5559 5620
5251 1 5253
5254 34 5178 5321 5412 5714 5807 5822 5839 6299
5262 35 5020 5123 5178 5200 5254 5301 5404 5459 5527 5596 5680 5837 5848 5863 5936 5947 6098 6246 6262 6306
5263 74 4986 5182 5226 5305 5321 5445 5449 5454 5482 5499 5568 5592 5620 5637 5640 5650 5693 5705 5721 5743 5756 5784 5790 5828 5837 5844 5848 5850 5860 5863 5872 5886 5963 5973 5994
5264 2 5061 5463
5269 1 6347
5273 12 5079 5254 5295 5596
5275 2 5210
5276 7 5614 6044 6123 6156
5280 2 5288 5288
5281 2 5288 5288
5282 4 5288 5449
5283 2 5288
5284 2 5288 5412
5285 20 5155 5189 5288 5288 5452 5506 5637 5651
5286 6 5288 5335
5289 5 5233 6004
5295 23 5079 5199 5210 5321 5506 5780 5839
5296 15 5155 5323 5680 5732
5301 42 4994 5121 5188 5273 5404 5454 5459 5479 5596 5624 5630 5680 5753 5804 5806 5827 5897 6094 6098 6123 6124 6148
5312 9 5189 5305 5568
5313 11 5155 5412 5484 5775 5780
5316 22 5140 5459 5563 5714 5844
5317 10 5254 5326 5327 5459 5511 5780
5320 6 5028 5199 5743
5321 13 5189 5254 5301 5449 5484 5624 5683
5324 12 5323 5327 5392 5637 5947 5973
5328 1 5327
5332 6 5335 5412 5459 5891 6328
5334 3 5301 5449 5454
5336 2 5341
5337 1 5341
5339 3 5123 5484
5342 22 5096 5459 5524 5693 5886 6043
5347 1 5423
5354 1 5354
5360 9 5123 5392 5430 5559 6251
5361 3 5963
5366 2 5459
5370 1 5375
5371 1 5375
5372 1 5375
5373 1 5375
5374 1 5375
5378 13 5432 5812 6044
5380 2 5392
5381 3 5392 5963
5382 19 5155 5182 5189 5430 5449 5509 5568
5390 2 5392 5423
5391 14 5178 5459 5684 5922
5396 9 5200 5301 5680 5947
5397 1 5412
5398 2 5412 5714
5399 8 5412 5524 6029
5400 4 5178 5412 5683
5401 3 5412
5404 13 5072 5200 5254 5527 6023 6156 6299
5410 1 5295
5413 1 5414
5416 1 5417
5418 1 5423
5419 8 5072 5301 5423 5705 5737 5775
5421 4 5423
5422 1 5423
5423 36 4994 5179 5200 5273 5584 5684 5798 5799 5804 6000 6006 6306 6328 6334 6337
5427 34 5178 5262 5321 5335 5430 5459 5524 5527 5543 5844 5848 5891 5928 5947 6023 6105
5428 3 5430
5429 1 5430
5430 6 5254 6156
5432 3 5378
5437 24 5123 5182 5680 5828 5844 5848 5863 5886 5891 5925 5928 5947 6029 6098
5439 39 5002 5140 5321 5543 5563 5596 5626 5739 5773 5799 5800 5818 5829 5998 6001 6006 6097 6156 6327 6330
5445 39 5061 5079 5289 5321 5437 5449 5482 5839 5891 5947
5446 21 5200 5289 5321 5445 5449 5465 5806 6320
5447 1 5449
5448 2 5233
5452 18 5037 5226 5596 5680 5739 5822 6388
5454 19 5452 5459 5563 5605 5680 5743
5455 7 5155 5482
5457 20 5262 5301 5624 5637 5683 5697 5780 5828 5891 6098 6251
5460 1 5463
5461 1 5463
5462 7 5780
5468 7 5484 5509 5514
5472 15 5028 5155 5452 5863 6123
5473 1 5155
5474 6 5484
5478 9 5509 5568 5650 5886
5479 12 5182 5454 5543 5683 5693
5482 12 5189 5445 5828 5850 6229
5484 18 5178 5459 5563 5780 6044 6124
5485 13 5178 5484 5484 5886 6044
5487 23 5262 5500 5545 5683 5994 6161 6166 6246
5489 10 5780
5495 4 5737
5499 3 5452
5500 1 5452
5504 2 5301 5506
5505 1 5506
5507 1 5509
5508 1 5509
5510 1 5511
5511 3 5693
5515 6 5650
5516 2 5285
5524 402 4983 4994 5002 5012 5020 5022 5028 5037 5079 5096 5121 5140 5148 5178 5179 5188 5199 5200 5210 5233 5246 5254 5262 5273 5288 5289 5295 5301 5335 5378 5384 5393 5404 5406 5423 5439 5459 5465 5466 5479 5484 5500 5527 5529 5543 5543 5563 5582 5584 5596 5605 5614 5626 5671 5684 5697 5714 5739 5760 5773 5776 5800 5802 5804 5812 5814 5818 5819 5822 5827 5829 5835 5839 5871 5872 5886 5897 5902 5922 5932 5933 5947 5998 6001 6004 6006 6032 6043 6044 6097 6098 6123 6124 6151 6156 6166 6170 6174 6221 6227 6241 6243 6251 6270 6272 6296 6299 6299 6305 6306 6320 6327 6327 6328 6330 6337 6347 6388 6407 6414
5526 7 5254
5528 3 5020 5640
5529 31 5022 5079 5289 5465 5819 5839 5998 6044 6327 6330
5531 224 4994 5002 5012 5103 5121 5123 5140 5178 5179 5188 5199 5210 5226 5233 5254 5262 5273 5288 5295 5301 5321 5335 5384 5404 5423 5437 5454 5459 5479 5487 5524 5543 5563 5584 5596 5624 5637 5683 5714 5732 5739 5753 5760 5775 5776 5780 5799 5800 5802 5804 5806 5814 5818 5827 5829 5871 5886 5897 5947 5963 5994 6000 6001 6004 6006 6041 6098 6124 6148 6151 6156 6170 6218 6243 6246 6251 6255 6262 6272 6296 6299 6299 6306 6327 6330 6347 6388 6400 6414
5532 16 5254 5295 5780 6004 6156 6229 6302
5534 11 5178 5459 5637 5775
5540 3 5459 6330
5543 128 5061 5079 5096 5103 5121 5123 5178 5182 5199 5200 5233 5262 5273 5295 5423 5437 5524 5524 5545 5563 5596 5624 5684 5697 5739 5753 5798 5800 5800 5804 5806 5818 5822 5872 5897 5925 5947 5998 6001 6029 6098 6123 6124 6148 6166 6227 6246 6251 6272 6296 6299 6305 6306 6328 6330 6337
5544 3 5500 5559
5548 1 5484
5549 7 5178 5484 5484 5714
5550 12 5178 5484 5484 5563 5998 6044
5551 8 5459 5484 5963
5552 8 5484 5780
5553 36 5037 5072 5096 5178 5233 5335 5484 5524 5563 5637 5693 5963 6006 6151 6306
5558 2 5545 5559
5561 2 5563 5563
5562 3 5189
5565 3 5020 5188 5189
5566 1 5189
5567 1 5568
5582 105 4994 5002 5037 5140 5200 5288 5384 5432 5439 5479 5543 5545 5624 5626 5714 5776 5799 5802 5822 5824 5829 5922 5932 5998 6004 6006 6097 6166 6170 6218 6221 6299 6327 6328 6334 6347
5584 12 4983 5254 5321 6156
5589 10 5233 5459 5697 6218 6246 6296
5590 4 5817
5591 21 5254 5487 5592 5684 5799 6023 6218 6246 6262 6306 6334 6388 6400 6409 6414
5596 11 5103 5459 5563 5822 5871 5886
5600 5 6029
5604 5 5226 5871
5605 10 5028 5037
5606 23 5061 5072 5321 5445 5459 5680 5683 5775 5780 5828 5837 5844 5848
5608 14 4986 5301 5335 5638 5651 5683 6124
5612 38 4986 5226 5335 5524 5584 5680 5693 5757 5828 5848 6006 6098 6148 6170 6337
5614 5 5614
5616 12 5404 5732 5760
5617 7 5233 5800 6246
5620 6 5459
5624 20 5321 5445 5626 5848 5928 5994 6044 6098 6148
5625 1 5321
5626 3 5072 5321
5627 1 5454
5630 31 5121 5178 5254 5262 5263 5543 5563 5739 5824 6161 6164 6166 6221 6246 6255 6306
5639 3 5454 5640
5644 13 5439 5524 5543 5936 6251 6262 6306
5647 3 5123 5301
5648 1 5650
5651 1 5061
5655 48 5002 5103 5199 5200 5254 5273 5289 5543 5684 5714 5806 5822 5844 5932 6032 6124
5657 2 5254
5658 10 5233 5812 5936 6029 6334
5660 2 5799
5662 3 5182 5886 5963
5666 4 6004
5668 1 5178
5674 1 4986
5675 8 4986 5072 5459
5678 1 5679
5684 17 5072 5176 5182 5524 5743 5798 5936 5947 6306 6328
5689 1 5693
5690 1 5693
5691 49 5020 5061 5123 5263 5301 5437 5445 5457 5482 5527 5693 5743 5753 5780 5784 5790 5828 5830 5837 5844 5848 5860 5863 5872 5886 5891 6124 6148 6151 6255
5692 19 5288 5693 5773 5998 6299 6327
5696 49 4994 5002 5121 5178 5200 5233 5254 5437 5439 5479 5487 5527 5624 5626 5804 5824 6004 6124 6161 6229 6255 6299 6306
5697 219 4994 5002 5022 5037 5072 5079 5123 5178 5182 5188 5199 5200 5210 5210 5226 5233 5254 5262 5273 5288 5295 5301 5321 5423 5439 5457 5479 5484 5524 5543 5563 5584 5596 5605 5626 5638 5684 5714 5739 5743 5773 5776 5798 5799 5800 5802 5804 5807 5814 5818 5819 5822 5827 5828 5829 5837 5844 5848 5860 5863 5871 5872 5886 5891 5925 5928 5932 5947 5963 5994 5998 6001 6006 6156 6170 6218 6221 6227 6246 6251 6255 6262 6270 6272 6296 6305 6306 6323 6327 6328 6330 6334 6337 6347 6400
5701 1 5701
5702 10 5028 5210 5454 5897 5963
5703 1 5454
5705 2 5301 5947
5707 4 5123 5459 5891 5925
5708 7 5254 5459 5524 5697
5709 4 5140 5459 5799 5811
5710 1 5459
5711 1 5459
5712 1 5459
5713 1 5459
5714 42 5072 5200 5226 5459 5543 5684 5743 5760 5798 5799 5804 5818 5828 6124 6156 6328 6337
5720 3 5263 5721
5721 8 5262 5776 6414
5722 2 5263 5737
5729 1 5732
5730 1 5732
5731 2 5732
5738 12 5022 5263 5822
5739 37 5210 5254 5262 5263 5524 5527 5543 5563 5800 5802 5829 5848 5871 5872 5947 6328
5741 9 5020 5254 5301 5321 5543 5743 5936
5747 2 5799
5749 2 5457
5750 1 5437
5751 1 5072
5752 1 5072
5753 4 5072
5755 1 5756
5760 3 6299
5761 8 5226 5305 5780 5784 5800
5763 4 5775
5766 1 5767
5768 11 5178 5262 6251
5769 4 5123 5226 6299
5770 5 5178 5226 5784 5963
5771 3 5775
5772 10 5020 5288 5775 5800 5829 6004 6299
5773 63 5002 5079 5288 5295 5760 5773 5775 5800 5800 5811 5814 5922 5932 6000 6097 6227 6272 6327 6330 6388 6414
5774 1 5775
5775 39 5012 5079 5288 5529 5773 5800 5902 6347
5776 9 5872 5998 6262 6306
5781 1 5445
5783 15 5061 5178 5844 5848 5928 5936 5994 6124
5784 1 5925
5785 2 5061
5787 29 5103 5179 5182 5301 5524 5527 5543 5624 5753 5928 5947 5963 6098 6124 6166
5788 4 5790 5802 6023
5789 1 5790
5796 173 4983 4994 5002 5002 5022 5028 5037 5103 5121 5140 5178 5179 5179 5200 5254 5262 5273 5288 5295 5321 5404 5404 5465 5484 5524 5543 5543 5563 5584 5596 5605 5684 5714 5739 5760 5800 5800 5802 5804 5814 5818 5822 5827 5829 5871 5897 5902 5928 5936 6001 6006 6032 6098 6123 6124 6148 6156 6218 6227 6272 6299 6347 6388 6400 6414
5798 7 5684 5804 6337
5799 14 5200 5439 5626 6006 6296
5800 182 4983 5002 5002 5022 5096 5179 5199 5210 5233 5432 5465 5466 5524 5529 5582 5596 5655 5671 5697 5739 5760 5802 5806 5812 5814 5818 5819 5822 5824 5827 5835 5839 5871 5897 5932 5933 5998 6000 6001 6032 6043 6097 6123 6156 6174 6221 6227 6243 6270 6272 6299 6305 6327 6330 6347 6388
5801 2 5817
5802 248 4983 4994 5002 5002 5028 5037 5079 5096 5140 5148 5179 5188 5199 5200 5210 5254 5273 5288 5289 5384 5404 5432 5466 5479 5500 5524 5543 5584 5596 5605 5614 5671 5697 5714 5739 5760 5773 5776 5798 5799 5800 5800 5804 5806 5807 5811 5814 5819 5822 5824 5827 5829 5835 5839 5871 5872 5897 5932 5998 6006 6032 6043 6123 6151 6156 6170 6174 6227 6243 6272 6327 6330 6334 6414
5804 22 5524 5563 5871 5928 6006
5805 10 5423 5479 5527 5799 6148 6251
5806 45 5022 5233 5289 5800 5872 6006 6243 6296 6299 6299 6306
5807 16 5384 5584 5776 5922 6001 6327
5808 6 5200 5684 5804
5809 20 5543 5697 5753 5814 5936 5936 5977 5980 5994 6094 6124 6148 6218 6296 6306 6328
5810 26 5022 5037 5233 5254 6006 6156 6328 6337
5811 65 5012 5140 5210 5295 5563 5582 5739 5760 5800 5818 5902 5950 6001 6123 6299 6299 6305 6330 6388 6414
5812 42 5022 5200 5295 5415 5423 5545 5626 5697 5760 5800 5814 5818 6001 6023 6161 6218 6246 6251 6262 6296 6328 6330
5814 106 5002 5028 5037 5079 5096 5188 5200 5254 5262 5288 5432 5524 5543 5605 5714 5739 5760 5800 5802 5806 5812 5818 5827 5835 5863 5871 5891 5897 5902 5932 5998 6032 6123 6156 6221 6299 6327
5815 4 5798
5816 50 5079 5273 5321 5423 5584 6006 6221 6306
5817 30 5254 5524 5524 5886 5922 5950 5963 5973 6255 6337
5818 40 5178 5233 5262 5273 5295 5321 5335 5423 5543 5624 5626 5798 5804 5871 6004 6296 6306 6337 6347
5819 52 4994 5037 5140 5178 5254 5273 5301 5378 5457 5545 5753 5828 5886 6004 6098
5820 19 4983 5839 6241 6414
5821 18 5872 5902 6006
5822 81 4994 5002 5079 5178 5188 5199 5210 5254 5289 5421 5432 5466 5524 5563 5596 5799 5800 5819 5829 5839 5872 5998 6006 6043 6044 6097 6174 6251 6299 6347
5823 13 4983 5254 5798
5824 29 5182 5295 5543 5563 5739 5773 5800 5814 5818 5828 5848 5925 5928 6001 6004 6246 6299
5827 14 5037 5123 5254 5404 5563 5605 5680 5828 6123
5829 11 5123 5262 5301 5415 5527 5545 5680 5891 6148 6246
5833 1 5837
5834 6 5753 5837 6029 6094
5836 8 5624 5844 5886 6148
5838 1 5838
5839 36 5188 5210 5254 5262 5301 5439 5457 5524 5524 5827 5829 5871 5963 6123
5840 1 5305
5841 1 5305
5846 2 5680 5848
5852 1 5680
5853 1 5680
5854 1 5680
5855 8 5123 5482 5543 5624 5891
5857 62 4994 5028 5103 5188 5200 5273 5321 5524 5543 5543 5563 5584 5714 5799 5806 5818 5827 5886 5891 6098 6227 6272 6305
5859 7 5246 5891
5861 2 5482 5863
5862 24 5188 5254 5524 5863 5886 5891 5936 5936 6124 6156 6272
5868 3 5482 5925
5871 51 5079 5178 5182 5254 5262 5273 5295 5457 5524 5527 5543 5596 5697 5739 5800 5811 5827 5829 5839 5947 6272
5872 25 5289 5378 5605 5806 5812
5873 5 5123 5457 5482 5886 5891
5874 1 5482
5875 1 5482
5876 1 5482
5877 7 5123 5301 5482 5886 5891 5925 5928
5878 1 5482
5883 2 5886
5884 2 5123 5886
5885 2 5886 5963
5887 1 5891
5888 1 5891
5889 1 5891
5890 4 5891 5963 6400
5896 3 5182 5529
5899 2 5123 5457
5902 1 5123
5903 1 5123
5907 1 5301
5908 3 5301
5909 2 5301 5928
5914 2 5335
5915 39 5839 5928 5933 6043 6151
5916 4 5182 5925 5947
5919 1 5925
5920 9 5925 6044
5921 2 5925 6330
5922 7 5103 5925
5923 2 5925 6227
5924 1 5925
5927 8 5210 5928
5928 4 5246 5936
5932 35 5002 5121 5254 5437 5479 5487 5524 5524 5563 5624 5684 5799 5824 5871 5872 5998 6330
5933 4 5254
5934 32 5037 5210 5273 5437 5527 5543 5753 5800 5802 5871 5947 6156 6166
5935 6 5178 5543 5545
5940 12 5254 6006 6098
5944 1 5947
5945 5 5527 5947 5963 6098
5946 3 5182 5947 5963
5949 3 5582
5950 3 6004
5952 14 5079 5182 5697 5963 6414
5958 3 5487 5963
5959 1 5963
5960 3 5963 6124
5961 9 5188 5626 5804 5963
5965 3 5254 6337
5966 4 5335
5972 2 5263
5980 4 5897
5981 6 5479 5584 5799
5984 3 5233
5992 1 5994
5993 3 5994
5998 80 4994 5002 5022 5140 5148 5179 5210 5210 5254 5273 5404 5439 5773 5776 5799 5800 5806 5814 5822 5835 5922 5932 6006 6097 6123 6327
5999 16 5079 5254 6044 6246
6000 8 5022
6001 5 5121 5871 6327
6004 5 5484 5529
6006 47 4983 5022 5079 5254 5596 5684 5714 5776 5799 5804 5812 5932 6156 6272 6327 6334
6007 3 5103
6009 1 6009
6020 23 5079 5178 5262 5545 5624 5671 6021 6166 6255
6022 1 5936
6023 16 4994 5439 5479 5799 5936 6006 6218
6024 7 5335 5902 6218 6251 6337
6032 70 5002 5148 5199 5529 5543 5563 5739 5800 5800 5806 6006 6097 6123 6243 6327 6328 6347 6414
6038 6 5188 5829 6029
6039 1 6029
6043 38 5103 5121 5210 5262 5437 5524 5543 5545 5624 6124 6148
6044 2 5484
6045 3 5773
6046 2 6044
6047 4 5800
6056 1 6059
6057 1 6059
6058 1 6059
6059 1 6059
6060 1 5543
6061 1 5543
6062 2 5543 6098
6063 1 5543
6064 4 5543
6066 1 5524
6067 1 5524
6068 30 5179 5210 5421 5524 5624 5753 5922 6094 6098 6124 6151 6166 6174 6334 6414
6069 3 5524 6148
6070 2 6098
6072 45 4983 5246 5421 5529 5614 5806 5818 5819 6004 6044 6241
6073 1 5103
6074 1 5103
6075 16 5103 5121 5178 5262 5437 5527 5545 5624 5753 6124
6077 1 6078
6081 3 5543 5596 6083
6082 4 5714 5799
6094 11 5121 5423 5527 5584 5753 5814 6098 6124 6229
6097 24 5079 5199 5806 5814 5872 5998 6006 6098 6123 6299 6414
6100 1 6101
6108 4 5121 5437 5753 6229
6110 1 6246
6116 1 5487
6119 3 5624
6121 2 5814
6123 18 5524 5563 5697 5760 5822 5871 5902
6126 11 5262 5404 5829 6004 6006 6094 6148 6229
6127 1 5028
6128 2 6094 6151
6132 1 5200
6133 4 5037 5121 5437 5545
6134 6 5121 5254 5423 5814 6296 6306
6135 1 5121
6141 1 6148
6142 1 6148
6143 1 6148
6144 1 6148
6145 1 6148
6146 8 5178 5545 5804 6006 6148 6337
6147 1 6148
6150 1 6151
6151 13 5022 5624
6152 1 5437
6153 1 5437
6155 1 5404
6156 20 5404 5439 5624 5671 5697 5714 5798 6006 6166 6218 6221
6157 2 5404
6165 2 6166
6168 1 5624
6169 3 5624
6170 8 5037 5188 5584 5624 5871 6251
6174 10 5022 5079 5818
6176 2 5545
6179 7 5584
6182 3 6006
6184 2 5822
6192 2 6262
6198 12 5524 5822 5829
6200 3 5178 5262 6246
6204 4 5543 5563 5818
6208 2 5254
6212 3 5545
6213 3 5545 5824 6229
6214 1 5545
6215 1 5545
6216 5 5626
6217 28 5210 5273 5584 5626 6156 6327 6388
6218 47 4994 5605 5626 5798 5799 5806 5807 5814 5897 5902 6006 6032 6043 6299 6299
6219 3 5626 5950 6170
6220 13 5178 5254 5384 5479 6006 6262 6299
6221 26 5254 5262 5529 5605 5814 5835 6296 6306
6222 1 5262
6223 12 5254 5262 5684 6006 6156 6306
6225 1 6225
6227 2 6229
6228 1 6229
6229 18 5012 5543 5714 6227 6330
6232 3 5263 5804 6218
6236 1 5415
6239 3 6306
6241 64 4983 5002 5178 5289 5465 5563 5671 5760 5806 5814 5822 5872 6097 6123 6299
6242 4 5524 6251
6243 32 5002 5002 5079 5254 5484 5739 5800 5829 5839 5871 5872 5902 5998 6000 6123 6246 6414
6245 1 5465
6247 1 5178
6248 10 5178 5233 5335 6337
6252 1 6255
6253 1 6255
6254 1 6255
6263 4 5335 5423 6023 6262
6264 1 6262
6265 1 6262
6266 1 6267
6270 57 5012 5524 5543 5563 5697 5714 5739 5773 5799 5800 5811 5814 5829 5932 6001 6006 6097 6123 6272 6299 6305 6327 6328
6271 8 5188 5200 5799
6272 80 5020 5079 5188 5210 5210 5233 5254 5543 5596 5697 5739 5800 5806 5811 5819 5822 5827 5839 5871 5902 5933 6000 6043 6047 6097 6123 6305
6274 6 6032 6044
6280 31 5028 5199 5289 5335 5760 5773 5800 5806 5897 5902 6123 6299
6281 1 5335
6286 3 5423
6287 1 5423
6288 1 5423
6291 1 6296
6292 1 6296
6293 1 6296
6294 1 6296
6295 1 6296
6298 4 5254 6328
6299 70 5020 5199 5524 5582 5596 5697 5760 5773 5776 5802 5804 5806 5814 5829 5897 6006 6097 6170 6198 6218 6270 6305 6306 6330 6334 6337 6414
6304 1 6306
6305 147 4994 5002 5022 5037 5079 5140 5188 5199 5210 5210 5254 5273 5288 5321 5404 5479 5524 5543 5563 5584 5596 5605 5614 5697 5714 5739 5760 5773 5799 5814 5824 5827 5829 5922 5933 5998 6004 6006 6032 6044 6156 6170 6218 6221 6227 6299 6299 6306 6327 6330 6347 6388 6414
6312 3 5233 6334
6313 1 6004
6314 9 5210 6156
6316 15 5199 6123 6327 6330
6320 17 5079 5563 5804 6006 6414
6323 49 5200 5233 5254 5432 5524 5543 5563 5596 5614 5697 5739 5800 5800 5811 5811 5829 5902 6327 6327
6324 6 5200 5584
6325 5 5200 5254
6326 2 5200
6327 71 5002 5188 5199 5210 5254 5295 5479 5582 5697 5714 5772 5773 5776 5800 5814 5818 5822 5827 5829 5932 5998 6001 6006 6097 6270 6299 6323 6414
6330 1 6334
6331 3 6156 6334
6332 1 6334
6333 2 6334
6334 2 6006 6330
6339 2 6218 6328
6344 2 5827
6346 13 5002 5295 5596 6004
6347 11 5289 5773 6006
6356 2 5714
6359 72 5002 5037 5079 5188 5199 5254 5295 5524 5563 5596 5697 5714 5739 5802 5814 5822 5827 5829 5871 6001 6097 6170 6221 6227 6272 6299 6299 6327 6347
6360 35 5012 5384 5484 5798 5804 5922 6218 6327 6337 6388 6414
6366 1 6328
6371 1 6218
6374 1 5804
6375 1 5804
6377 18 5288 5321 5596 5798 5829 5871 6347 6388
6378 1 5798
6387 1 6388
6391 1 6400
6392 1 6400
6393 1 6400
6394 6 4994 6006 6400
6395 1 6400
6396 1 6400
6397 1 6400
6398 15 5002 5814 5871 6270 6400
6401 1 6401
6414 15 5022 5582
6416 2 6327
6421 15 5210 5295 5543 5697 5807 5829 5839 5922 6001
6422 7 5697 5822
6423 1 5738
6424 2 5738
6428 3 5439
6442 2 6006
6443 51 5002 5022 5210 5233 5254 5321 5800 5932 6006 6151 6156 6299
6444 1 6006
6445 7 5933 6006
6446 1 6006
6447 11 6006 6170
6456 3 5714
6458 22 5028 5273 5543 5760 5818 6000 6004 6330
6460 56 5020 5079 5179 5188 5643 5800 5819 5839 5950 6032
6467 8 4994 5254 6156
6479 13 5254 5273 5714 6000 6004
6483 18 5254 5827 6156 6299
6484 10 5822 5998
6486 57 5002 5254 5273 5289 5404 5432 5524 5596 5739 5773 5800 5806 5811 5814 5872 5998 6097 6123 6323 6327
6487 3 5037 5802
6488 19 5210 5254 5524 5739 5800 5871 6170 6327
6489 2 6330
6491 4 5002 5802 5824
6492 2 5802
6494 70 4983 5002 5022 5028 5079 5233 5254 5524 5529 5543 5596 5714 5760 5799 5800 5806 5811 5814 5897 5922 6032 6305
6500 5 5714 5799
6501 10 5079 5254 5543 5739 5799 5827 6004
6502 12 5022 5799 6044
6503 4 5799 6221
6504 7 4994 5479 5827
6506 1 5140
6507 1 5140
6508 1 5140
6509 1 5140
6510 54 4994 5002 5020 5022 5179 5254 5384 5465 5800 5800 6000 6347 6388
6513 1 4994
6514 1 4994
6515 1 4994
6516 1 5479
6518 30 5002 5199 5814 5872 5922 5998 6032 6097 6327
6522 21 5254 5321 5596 5829 5871 6004
6523 31 5079 5148 5524 5543 5697 5714 5800 5839 5902 5932 6305 6330
6524 6 5807
6525 13 5543 5829 6004
6526 6 5829 5871 6323
6538 7 5563 5902
6545 5 6156
6551 1 5524
6552 27 5002 5022 5079 5254 5295 5839 5998 6221 6243 6327
6555 33 5002 5079 5199 5760 5811 5814 6004 6299
6560 42 5079 5199 5233 5404 5776 5800 5811 5818 5839 5932 6123 6198 6327
6563 54 5002 5079 5254 5421 5465 5714 5739 5773 5814 5897 5902 6097 6123 6299 6327 6414
6570 4 5872
6577 10 5254 5524 6227
6592 1 6323
6595 12 5020 5295 5596
6596 137 4983 5002 5028 5079 5096 5148 5199 5378 5421 5465 5466 5529 5596 5605 5671 5812 5839 5871 5933 6032 6151 6174 6241 6299 6320
6598 7 5002 5002 5543 5902
6605 9 5950 6156
6607 3 5827 6047
6608 16 5188 5254 5818 5824 5827 5829 5871 5950 6323
6611 11 5543 5563 5739 6270 6327
6612 5 5012 6305 6330
6613 8 5384 6305 6414
6614 2 6305
6615 119 5148 5199 5288 5295 5321 5404 5432 5543 5563 5596 5671 5697 5739 5760 5773 5776 5800 5800 5807 5811 5814 5818 5822 5829 5871 5897 5922 6001 6004 6097 6123 6198 6270 6272 6299 6305 6327 6330 6347 6388
6616 6 5500 5922 6305
6617 1 6305
6618 79 5002 5012 5022 5179 5210 5233 5246 5432 5465 5524 5543 5697 5773 5776 5800 5806 5807 5812 5814 5822 5932 5998 6000 6001 6097 6123 6270 6272 6320 6327
6619 77 5002 5012 5233 5404 5421 5432 5465 5524 5760 5773 5800 5806 5811 5814 5822 5872 5897 5932 5998 6097 6123 6227 6243 6272 6299 6327 6330
6620 91 4992 5012 5288 5295 5384 5404 5432 5484 5524 5543 5563 5582 5697 5739 5773 5776 5800 5807 5811 5814 5818 5822 5922 5932 5998 6097 6227 6270 6272 6327 6414
6624 122 5002 5028 5288 5289 5404 5432 5465 5605 5614 5671 5760 5800 5806 5835 5839 5872 5897 5933 6032 6043 6044 6123 6151 6174 6241 6243 6299 6414
6625 2 6227
6626 8 5002 6221
6627 12 5028 5543 5835
6635 11 5543
6643 1 5254
6644 1 5254
6645 2 5254 5714
6646 3 5254
6647 1 5254
6648 1 5254
6649 23 5254 5524 5543 5563 5596 5739 5760 5818 5932 5998 6227 6272
6650 1 5254
6651 1 5254
6652 1 5254
6653 1 5254
6654 1 5254
6656 1 5255
6657 9 5839
6658 5 5563
6665 25 5028 5037 5288 5465 5697 5824 6221
6666 4 6221
6671 4 5760 6156
6672 1 6156
6673 1 6156
6674 1 6156
6675 1 6156
6676 5 5079 6156
6677 1 6156
6678 1 6156
6679 1 6156
6692 6 5288 5697
6702 10 5079 5839 5872
6705 1 5824
6709 1 5210
6711 7 6299
6712 8 5671 6414
6714 92 5002 5028 5199 5233 5289 5321 5404 5421 5432 5582 5596 5714 5760 5800 5806 5822 5835 5872 5897 5902 6000 6097 6123 6243 6299
6719 3 6004
6726 5 5596 6004 6347
6727 2 5002 5002
6728 1 5002
6734 2 5802
6736 31 5321 5543 5596 5697 5739 5800 5818 5839 5871 6001 6347
6747 3 5773 6001 6414
6752 1 5037
6753 4 5037
6758 9 5871 6123 6243
6766 16 5432 5835 6347
6767 2 6004
6770 5 5543 5806 5871
6771 2 5871
6772 49 4983 5199 5321 5432 5524 5563 5596 5714 5739 5773 5800 5806 5818 5819 5829 5871 5872 6032 6123 6198 6327
6773 1 5871
6774 23 4983 5079 5148 5739 5814 5839 5871 6123 6243 6272
6779 3 5484 6004
6780 6 5671 5819 6004
6781 5 6004
6782 1 6004
6783 4 5596 5829 6004 6323
6784 41 5002 5028 5079 5199 5596 5800 5800 5806 5818 5839 5902 6000 6004 6414
6789 9 5199 5800 6299
6790 10 5822 6330
6795 2 6044
6797 1 5714
6798 1 5714
6800 1 5714
6801 5 5714 5773
6809 1 6001
6813 1 5596
6815 3 5288 6388
6818 2 5529 6347
6819 1 6347
6821 1 5829
6822 2 5818 5829
6829 4 6330
6833 1 5404
6841 2 5210 5596
6842 1 5596
6843 1 5596
6844 1 5596
6846 6 5563 6388
6852 1 6388
6855 14 5079 5524 5773 5814
6859 10 5022 5524 5776 6272
6864 2 6327
6865 16 5543 5563 5739 5800 5811 5818
6867 4 5800 6001
6870 3 5800
6875 15 5289 5818 5922 6032
6876 1 5818
6877 1 5818
6878 1 5818
6880 1 6327
6883 4 5776 6001 6327
6884 1 6001
6885 13 5079 5404 5671 6001
6886 6 6001 6097
6889 4 5288
6895 6 5563 6032 6097
6896 3 5543
6899 2 5800
6900 29 5210 5378 5524 5605 5800 5800 6330
6902 20 5288 5289 5563 5614 5739 5872 6241
6905 1 5484
6906 49 5012 5199 5288 5404 5432 5484 5582 5760 5773 5776 5814 5897 6123 6299 6327 6414
6907 183 4983 5002 5022 5028 5064 5079 5148 5179 5199 5210 5233 5288 5378 5404 5432 5465 5466 5484 5500 5529 5582 5605 5760 5773 5776 5800 5806 5812 5814 5835 5839 5872 5897 5902 6000 6043 6044 6123 6241 6243 6299 6414 6414
6908 1 5484
6909 1 5484
6910 1 5484
6911 2 5484
6912 3 5484
6913 34 5773 5776 5814 5822 5932 5998 6270 6327 6330
6914 52 5022 5529 5605 5671 5760 5773 5800 5806 5835 5839 5872 5998 6123 6243
6915 1 5384
6916 30 5289 5582 5806 5872 6000 6330
6918 23 5179 5466
6921 1 5543
6922 1 5543
6923 2 5289 5739
6924 12 5739 6044
6926 1 6227
6927 1 6227
6934 51 5404 5524 5529 5582 5800 5806 5872 5922 5998 6000 6097
6935 2 5524 6272
6936 1 5524
6941 35 5022 5028 5432 5819 5835 6241 6327
6943 1 5020
6945 16 5012 5872 6000 6414
6946 25 5002 5028 5179 5289 5421 5800 6032
6951 26 4983 5643 5697
6954 2 6330
6958 1 5697
6959 5 5697 5839 6243
6960 1 5697
6961 2 5697
6962 1 5697
6963 1 5697
6971 5 5199
6974 2 6330
6975 7 6414
6976 37 5002 5079 5233 5582 5605 5776 5800 5822 6043 6097
6984 4 6330
6991 18 5012 5199 5288 6198
6993 75 5079 5199 5466 5643 5806 5839 5872 5902 5933 6000 6032 6043 6151 6174 6243 6414
6994 9 5432
7005 13 5210 6032 6043
7012 10 6043
7021 15 5079 5096 5466 5800 5806 5872 6123
7024 3 5814
7026 11 5096 5148 5210
7029 2 5079
7030 2 5822 6327
7038 4 5772 6097 6327
7043 9 5378
7045 36 5148 5671 5760 6241 6320 6414
7046 19 5465 5800
7047 133 4983 5022 5079 5096 5148 5179 5210 5246 5378 5421 5466 5529 5605 5614 5671 5812 5819 5839 5933 6032 6043 6044 6151 6174 6320 6414
7049 27 5096 5148 5466 5529 5671 6151
7050 3 5839
7052 114 5002 5022 5028 5199 5233 5289 5404 5421 5465 5466 5605 5760 5776 5800 5806 5835 5839 5872 5897 5932 5933 5998 6032 6097 6151 6174 6241 6243 6414
7053 19 5210 5378
7054 21 5002 5500 5902
7055 95 4983 5002 5022 5028 5079 5096 5148 5289 5465 5605 5671 5800 5806 5835 5839 5872 5902 5933 6151 6241 6243
7056 29 4983 5064 5148 5671 5839 6320
7057 100 4983 5002 5022 5289 5466 5800 5806 5812 5819 5835 5839 5872 5902 5933 6000 6032 6043 6044 6123 6151 6174 6241 6243 6320 6414
7061 3 5822 6123
7063 15 5800 6123
7064 1 6097
7080 58 4983 5002 5012 5022 5199 5210 5288 5773 5800 5806 5819 5872 5902 5933 6243 6270 6320
7086 111 4983 5022 5096 5210 5246 5289 5378 5404 5432 5605 5614 5738 5800 5806 5812 5819 5839 5872 5933 6000 6044 6174 6243
7090 6 5002
7092 75 5002 5022 5079 5210 5289 5529 5671 5773 5800 5835 5872 5902 5998 6000 6032 6043 6044 6243 6327
7099 15 5288 5582 5760 5814 5897
7100 15 5012 5384 5432 5582 6327 6414
7104 15 5002 5404 5432
7110 5 5384 6414
7113 8 5466
7120 10 5776 6241
7121 6 5776 5800
7122 1 5384
7126 2 5773
7129 6 5897 6299
7130 2 5773
7131 23 6032 6123
7132 21 5002 5839 5872 6043 6123
7142 4 5773
7150 10 5839
7153 7 5022 5671 5897 6327
7154 1 6327
7155 1 6327
7156 1 6327
7157 1 6327
7158 1 6327
7159 1 6327
7170 1 6123
7171 6 5079
7173 2 5819
7174 1 5773
7175 1 5773
7176 3 5773
7177 1 5773
7183 6 5529 5814
7188 12 5811 6299
7189 3 5760
7192 1 5288
7193 1 5288
7203 1 6270
7220 1 5404
7225 24 5079 5800 5806 5839 5872 6032
7226 3 5835
7227 9 5872
7229 5 5835
7230 4 5806
7231 87 5028 5079 5148 5289 5465 5529 5671 5800 5806 5839 5872 5902 6000 6043 6151 6174 6241 6243
7233 18 5760 5811 5872 6123
7236 16 5002 5500
7237 8 5800 6243
7239 21 5806 5872 6000 6243
7241 18 5028 5800 5806 5872 6032 6123
7255 1 5801
7262 9 5529 5835
7266 6 5432
7270 4 5897
7279 17 5812
7280 71 4983 5079 5096 5233 5466 5605 5806 5812 5819 5839 6032 6043 6044 6151 6241 6299
7281 12 5671 5760 5902 6299
7282 2 5378 5432
7283 1 5432
7284 2 5378 5432
7285 1 5432
7286 1 5432
7287 1 5432
7293 4 6299
7294 37 4983 5002 5079 5148 5179 5199 5246 5605 5800 5806 5811 5839 6032 6243 6414
7295 6 5199 6299
7301 18 4983
7317 4 5199 5760 5897
7326 1 5199
7327 6 5199 6299
7330 2 5872
7332 1 6299
7335 13 5002 5210 5760 6299
7336 1 6299
7337 1 6299
7341 2 5806
7343 10 5806
7350 20 5800 5806 5872 6243
7351 2 5897
7352 11 5079 5148 5835
7354 3 5800
7362 5 5233
7374 1 5760
7378 40 5022 5079 5465 5605 5800 5806 5872 6044
7379 7 5289
7380 3 6123
7382 1 5233
7386 14 5022 5378
7390 18 5671 5872
7391 47 4983 5022 5179 5210 5246 5466 6032
7393 10 5002 5378 5839
7400 15 5022 5079 5806 5839 6032 6123
7401 3 5872 6123
7402 5 6123 6241
7403 1 6123
7404 1 6123
7405 17 5028 5096 5605 6123
7409 10 5002 5811 5839
7415 4 5079
7417 2 5902
7424 4 5605
7443 10 5800 6043 6414
7449 20 5079 5378 5614 5812 5872
7482 1 6243
7483 1 6243
7484 3 5806 5872 5902
7485 1 6000
7486 1 6000
7487 1 6000
7490 25 5002 5028 5421 5605 5969
7501 1 5289
7502 3 5289
7503 1 5289
7505 1 5902
7511 14 4983 5614 6043
7520 3 6174
7544 10 5671 6032
7546 2 5421
7554 2 5835
7564 30 5002 5028 5465 5605 5614 6044
7570 3 5096
7578 24 5022 5079 5096 5378 5605 5812
7579 5 5529
7580 7 5002
7588 7 5079 6174
7594 3 5819
7598 26 5028 5421 5466 5839 6043 6151 6241
7601 2 5002
7608 2 5210
7614 37 5002 5028 5079 5179 5466 5529 5839 6032 6151 6174 6241 6320
7623 2 5028 5465
7625 5 5028
7626 1 5028
7642 1 5179
7649 8 5529 5839 6044
7666 13 6320
7675 16 4983 5096 5378
7677 8 5022
7679 21 5022 5079 5529 5605 6151 6241
7685 13 5179
7691 18 4983 5933 6032
7695 3 6151
7701 2 6320
7706 2 5671
7716 2 5839
7717 2 5839
7727 26 4983 5022 5246 5839 6032
7733 42 5022 5064 5079 5246 5605 5812 6032 6414
7737 1 5671
7738 2 5671
7741 4 5148
7744 49 4983 5022 5079 5179 5738 5812 5819 5839 5933
7745 1 5148
7747 5 5839
7755 10 5064 6043
7759 4 4983
7766 13 5529 6151
7768 10 6174 6414
7769 19 5933 6032 6174 6414
7770 2 5933 6174
7771 2 5079
7772 15 5064 5378
7774 30 5022 5605 5819 6044
7775 11 5096 5179 5210 5819 5839
7790 2 5022
7791 4 5079 6414
7792 7 6032
7806 2 5529 5839
7808 12 5079 5096
7812 4 6043
7818 15 5022 5096 5210
7829 3 6044
7837 2 5079
7841 1 5839
7842 2 5079
7843 2 4983 5079
7844 1 5079
7845 2 5079
7856 7 5605
7860 2 4983
7862 8 5605
7864 2 4983
7865 22 5022 5096 5378 6044
7882 10 5096 6414
7885 3 5605
7900 27 5064 5210 5246 5605 5819
7901 28 5378 5605 5812 6044
7902 18 5605
7903 4 5022
7907 10 4983 5022
7910 4 6044
7914 1 5933
7929 3 6044
7930 1 5179
7931 2 5179
7933 3 5210
7945 4 5022 5605
7948 2 5096
7953 1 5466
7964 8 5022 5096 5210 5819
7974 1 5096
7975 1 5096
7976 1 5096
7980 2 5022
8009 1 6044
8010 2 6044
8011 1 6044
8012 7 5210 6044
8013 1 6044
8036 19 5605 5614
8041 3 5605
8045 2 5812
8046 14 5378 5812
8047 17 5378 5812
8048 2 5378 5812
8049 1 5812
8051 5 5378 5812
8052 1 5812
8053 17 5022 5378 5614 5812
8054 2 5812
8061 3 5022
8062 1 5210
8063 3 5210
8064 1 5210
8065 1 5210
8069 4 5819
8070 1 5819
8071 1 5819
8072 1 5819
8085 16 5022 5614
8091 1 5022
8092 4 5022
8093 1 5022
8094 1 5022
8095 1 5022
8096 1 5022
8107 11 5378
8146 1 5246
8152 10 5605
8153 1 5605
8162 9 5064 5738
8189 2 5064
8199 1 5064
8231 1 5378
8232 1 5378
8233 1 5378
