3 23 8283
6 258 8282
7 20 8287
8 162 8284
11 733 8286 8287 8290 8290 8291 8291 8293
12 54 8287
14 105 8285 8287
15 42 8287
25 63 8282
26 87 8282
28 110 8282 8284 8285
29 136 8294
31 6 8287
36 231 7908 8174 8282
42 88 8287
44 42 8295
46 58 8287
47 113 8212 8282 8294
56 20 8287 8290
58 35 8237
66 41 7961
68 187 8051 8287
72 113 8042 8128
74 69 8290
79 28 8287
83 7 8287
86 101 8291
87 164 8141 8174 8212 8287
90 63 8287
99 15 8237
101 12 8287
107 3 8287
108 1 8283
109 166 7908 7924 7961 8042 8237
113 68 8292
121 2 8283
122 193 8293 8293 8294
124 1 8283
125 28 8283 8287
127 83 8178 8293
152 18 8287
154 53 8282
155 16 7927
166 77 7924 7961 8083 8134 8141 8163 8294
172 120 8291 8293 8293
173 332 8290 8291
192 16 8283
215 84 8290 8291 8291
237 35 8121
280 76 8083
311 312 8083 8290 8295
319 193 7910 8037 8121 8163
336 28 8287
339 79 7961
352 5 8287
364 11 8287
366 11 8287
367 4 8287
395 37 8163
425 49 8293 8295
426 26 8287
432 155 7961
440 8 8284
447 8 7992
454 6 8287
457 640 7910 7924 7946 7961 7965 7979 8037 8044 8051 8121 8134 8141 8174 8198 8209 8212 8219 8224 8226 8249 8290 8291 8292 8293 8295
465 9 8284
472 1 8284
494 3 8287
527 1 8287
528 1 8287
529 1 8287
546 107 8290 8291 8291
553 19 7910
580 28 7946 7961 7992 8037
600 171 7912 8042 8174 8212 8219
620 10 8289
695 87 8292
697 85 8044
710 88 8289
737 120 7927 7961 7965 8051 8163 8168 8192 8212
749 62 7992
766 709 7908 7910 7912 7927 7946 7961 7965 7979 8037 8042 8073 8293 8294
769 137 8178
784 205 8209 8290
791 29 7910
813 261 8293 8294
825 139 8293
826 218 8290 8290
854 56 8174 8192
896 25 7961
922 147 8290 8290
941 74 8291
950 8 7979
967 12 8037 8042 8044
968 5 8174
974 30 8294
983 1 8288
986 50 8290 8290
988 257 7908 7910 8037 8042 8051 8073 8083 8121 8122 8124 8128 8130 8141 8163 8168 8174 8192 8198 8209 8212 8219 8237 8293 8293
993 233 7961 8290
996 279 8290 8291 8292
1051 48 8174 8192
1055 139 7910 8294
1062 157 8291
1063 29 7908
1098 260 8168 8290 8290 8291
1133 282 7910 8002 8051 8134
1151 460 7910 7912 7927 7946 7961 8290 8290 8291 8291 8292
1166 318 7908 8290 8290 8295
1179 8 8192
1184 57 8290
1202 68 8290 8291
1207 24 8295
1210 221 8292
1211 66 8290 8294
1259 41 8293 8293
1305 227 8292 8293
1319 185 8290 8290 8290 8291 8291 8291
1350 114 8290 8290 8291
1352 118 8290
1374 385 7908 7910 7912 7979 7992 8002 8037 8083 8121 8122 8128 8163 8168 8174 8192 8198 8294
1385 24 7992 8002
1395 192 8293
1419 29 8293
1428 159 8290 8290
1480 44 8290
1487 115 8290 8293
1492 159 8290
1496 190 8290 8290 8291
1506 34 8134
1521 104 8291 8291 8291
1530 10 8178
1538 75 8290 8290 8290
1539 3 7912
1542 237 7927 7946 8290 8290
1547 27 8290
1549 522 8293 8293
1555 67 8290 8290
1564 27 8290
1581 1 8292
1587 4 8294
1594 108 8290
1608 344 8291 8293 8293 8294
1612 5 8044 8212
1613 12 8290
1621 76 8121 8290 8290
1623 36 8290
1628 10 8290
1644 46 8290
1661 36 8293
1667 32 8198
1670 16 8290 8290
1688 24 8174
1700 48 8290
1701 98 7946
1717 98 8083 8292 8295
1729 15 8290
1734 47 7961
1746 7 8291
1748 37 7946
1749 63 8290 8293 8293
1757 16 8290
1766 19 8290
1772 95 8290 8290 8290 8291 8293
1783 58 8290
1799 42 7908
1800 20 8291
1803 20 8290 8290
1808 103 8290 8290 8291 8291
1811 37 7910
1814 79 8192 8219 8224 8237
1816 10 8290 8290
1820 90 8292
1832 6 8293
1838 54 8290 8293 8294
1857 6 8290
1896 50 8237 8290 8293 8293
1919 113 8291 8291
1922 126 8293 8293
1931 14 8212
1966 17 7961
1967 31 8290
1972 184 8293 8294
1977 33 8291
1982 26 7961
1985 57 8290
1990 29 8294
1997 88 8290
2001 37 8042 8121 8290
2003 42 8192 8209
2010 11 7946 7992
2062 118 8290 8291
2065 45 8290
2072 121 8290 8290 8291 8291
2093 52 7979
2099 21 8290
2118 114 8290
2120 56 8290
2129 42 8293 8294
2133 122 8290 8290 8291
2135 143 7908
2144 17 8294
2145 134 7924 8290
2153 4 8291
2156 17 8290 8290
2169 32 8290 8291 8291 8292
2174 49 8291
2223 13 8294
2226 23 7924 7961 8168
2234 12 8293 8293 8293
2236 75 8291
2237 254 8293 8293
2240 106 7992 8083 8168 8290 8291 8293 8293 8293 8294
2256 125 8291 8293 8294
2258 90 7946 8083 8198
2277 6 8291
2282 5 8290
2290 95 8293
2297 150 8209 8293
2299 65 8083 8174 8192 8294
2309 3 8293
2326 249 8293 8293 8293 8294
2328 205 8291 8293 8294
2346 3 7965
2357 12 8290
2365 58 8002
2369 134 7908 8002 8083 8212 8224
2381 37 7961
2384 65 7946 8293 8293 8293
2398 56 8293 8293
2410 27 7910
2411 96 8293 8294
2440 43 7908 7927
2452 29 8044 8174
2456 31 7912
2472 76 8291 8293
2473 83 8291
2485 286 7927 7961 7965 8163 8174 8192 8212
2502 22 8178
2504 82 7908 8174
2506 28 7979
2516 36 8128 8295
2535 24 8293
2541 27 8293
2550 16 8291
2557 77 8290 8292
2559 54 8294
2560 89 7965
2565 827 7908 7910 7912 7924 7927 7946 7961 7965 7979 7992 8037 8042 8044 8051 8073 8083 8121 8122 8124 8128 8141 8163 8168 8174 8178 8192 8198 8209 8212 8219 8237 8292 8293 8293 8293
2566 6 8292
2567 3 8292
2576 138 8293 8295
2585 46 8293 8294
2593 26 8292
2612 29 8293
2618 50 8293 8294
2623 47 8293
2646 30 8293
2651 216 8293 8293 8294
2653 102 8294
2658 231 7910 7912 7927 7946 7961 7965 7979 8037 8042 8044 8134 8163 8168 8209 8212 8219 8237
2686 120 8293 8293 8293 8295
2688 516 8293 8293 8293 8294
2689 34 7910 7961
2691 39 8293
2693 132 8295
2695 6 8294
2700 113 8294
2703 42 8293
2713 166 8293 8293 8294
2719 20 8293
2765 30 7965
2790 145 8293 8293
2791 15 8293
2831 39 7908 7910 7912
2835 1 8292
2842 93 8293 8293 8294
2851 45 7912 8212
2859 90 8294
2871 165 8294
2872 54 8293 8294
2909 51 8294
2925 18 8178
2941 6 8141
2948 23 8293
2964 59 8293 8293
2967 232 8293 8293 8294
2968 37 7908
2972 271 8295
2974 15 8293
2981 36 8295
2983 18 8051 8168 8192 8212 8224 8237
3010 118 8293 8294
3020 48 8293
3028 99 8294
3032 205 8083
3046 10 8293
3055 42 8293
3057 36 7979 8174
3072 24 8293
3084 52 8293 8294
3088 24 8174 8192 8237
3142 41 8042 8051 8124 8134 8178 8192 8209 8212 8219 8237 8249
3159 8 8293
3168 69 8293
3209 32 8293
3216 1 8293
3233 4 8293 8293
3235 2 8293 8293
3238 22 8174
3276 60 8293
3291 56 8293 8295
3293 8 7908
3297 39 7910 7961 8037 8044 8073 8083 8122 8293
3304 31 8293
3310 18 8051 8212
3348 16 8044
3355 3 8044
3380 33 8042 8051 8209 8219
3381 177 8083 8122 8134
3393 10 7946
3394 121 8294
3416 1 8293
3417 31 8293 8293 8293
3418 1 8293
3439 69 8295
3447 214 7961 8295
3449 306 8295
3453 241 7908 8042 8128
3454 124 8293 8294
3456 250 8174 8192 8295 8295
3458 61 7961
3460 17 7908
3470 21 8293
3477 45 8294
3490 2 8293
3498 96 7961 8044 8083 8178
3518 5 8294
3562 38 8294
3568 128 8294
3571 39 7908
3586 135 7961 7979 8042 8051 8121 8128 8295
3591 12 8294
3615 113 8294
3631 70 8295
3634 57 7965 8141
3641 194 8294
3642 291 8295
3646 9 8294
3659 32 8293
3660 67 8294
3665 13 8044
3714 15 8294
3720 9 8294
3728 71 7912 8294
3751 10 8037 8295
3752 15 7908 8073 8192
3770 9 7946
3775 10 8294
3786 72 8134
3787 233 7908 8083 8122 8124 8134 8141 8219 8224 8237 8295
3809 4 8042
3812 32 8042 8293
3813 72 8294
3814 24 8293
3912 15 8293
3916 25 7961
3918 4 8294
3949 26 8294
3958 16 7908
3965 79 7961 8134 8168 8174 8209 8237 8294
3977 13 8294
3983 4 7908
3991 4 8293
4000 4 8293
4007 9 8294
4025 1 8293
4026 1 8293
4036 139 8037 8042 8073 8128
4040 71 8051 8174 8192 8212 8219 8294
4045 244 8295
4056 20 8294
4082 15 8294
4116 8 8168
4140 10 8168 8174 8192
4162 15 7912
4187 8 7908
4221 41 8295
4222 28 7924
4310 225 7927 7961
4335 28 7908
4347 33 7908 7927 7946 7961 7979 7992 8042 8121 8128 8168 8174 8212
4353 69 7910 7961
4355 40 8295
4401 5 8073
4409 6 7924
4432 8 8212
4441 186 7912 7927 8051 8174 8192 8209 8212 8219 8237
4447 12 7912
4476 1 7908
4483 137 7961 8042 8128 8163 8174 8209 8295
4488 35 7908
4532 6 7961 8174
4550 81 8295
4632 202 7908 7912 7961 8073 8122 8163 8174 8192 8209 8237 8295
4666 23 7908 7912 7961 7992 8002 8042 8044 8073 8083
4674 1 8212
4709 24 7912 7961 7979
4717 57 7961
4764 52 7908
4767 10 8163
4771 2 8174
4788 15 7910 7912
4792 45 7908 7946
4795 66 7992 8295
4824 88 8042
4828 105 7979 8295
4829 57 7946
4899 160 8042 8044 8128
4926 5 8174
4943 31 7961 8121 8128 8134 8192
4948 194 7924 7965 7979 8037 8042 8044 8051 8122 8124 8128 8163 8168 8192 8209 8212 8219 8237
4964 51 7908
4967 317 7927 8295
4980 12 8295
4981 49 7908 7961
5022 173 8295
5028 40 7908 8073 8083 8124
5037 18 7908
5051 8 7979
5053 53 7908 8174
5060 3 8174
5068 10 7908 8124
5079 240 7924 8002 8224 8277 8295 8295
5096 14 7910 8209
5102 48 7908 8141 8163 8212
5103 118 7912 7992 8002 8051 8083 8122 8128 8163 8168 8174 8178 8192 8212 8219 8224
5106 24 8169 8212
5114 2 7908
5166 41 7908 7961 7965
5173 121 7924 7946 8051 8128 8134 8174 8178 8198 8204 8209 8224
5176 100 8295
5177 92 7910 8295
5178 15 7910
5179 212 8044 8083 8124 8134 8141 8295
5185 120 8128 8219 8237
5188 211 7961 7979 8192 8295
5189 237 8209 8224
5190 56 8295
5194 9 8295
5226 13 7910
5241 2 8051
5243 11 8295
5301 42 8295
5316 22 8168
5324 12 8295
5341 1 7961
5342 22 8174 8209
5378 13 8042 8044 8209 8219 8237
5427 34 8295
5445 39 7927
5446 21 7946 8174
5452 18 8295
5454 19 7908 7910
5457 20 8295
5472 15 7961
5479 12 8134
5482 12 8212
5511 3 8198
5524 402 7908 7910 7924 7924 7927 7961 7979 7992 8037 8042 8044 8121 8122 8124 8128 8134 8141 8163 8168 8169 8174 8178 8192 8209 8219 8224 8295
5529 31 7908 7927 8168
5531 224 8295
5534 11 8295
5543 128 7961 7979
5550 12 7908 8037
5551 8 7924
5553 36 7908 7965 7979 8121 8124 8134
5605 10 7908
5612 38 7961
5615 1 7908
5624 20 8295
5644 13 8295
5655 48 8121 8249
5667 4 8124 8128
5691 49 8295
5696 49 8295
5697 219 7908 8121 8124
5708 7 8042
5738 12 8163 8168 8192
5741 9 8224
5768 11 8295
5771 3 8178
5773 63 7924
5775 39 7912 7927 7979 7992 8122
5776 9 8295
5796 173 7908 7961 8121
5800 182 7979 7992 8042 8083 8121 8122 8124 8134 8163 8168 8192 8219 8249
5802 248 7908 7927 7946 7961 7965 7979 8037 8042 8044 8051 8124 8128 8163 8168 8174 8192 8209 8212 8219
5806 45 8002 8073 8128 8224
5811 65 8295
5812 42 8295
5814 106 7961 8134 8192 8295
5815 4 8002
5819 52 7908 8037 8121
5820 19 7921
5822 81 7912 8295
5829 11 8295
5836 8 8295
5857 62 7908 7961 8163 8212
5859 7 8042 8141
5862 24 8295
5871 51 8295
5872 25 7908 8163 8174 8192 8212
5913 5 8128
5915 39 7910 7912
5920 9 8042 8134
5927 8 8051 8128
5932 35 8295
5940 12 8174 8192
5952 14 7946
5966 4 8219
5982 3 7961 8178
5998 80 7924 7961 8168
5999 16 7979
6000 8 8124 8134 8276
6006 47 7979 8209 8224
6016 10 8134 8174
6032 70 7908 8042 8121 8192
6043 38 7961 8037 8174
6068 30 7927
6072 45 7908 7924 7924 7927 7946 7979 7992 8037 8042 8044 8073 8083 8122 8128 8141 8163 8168 8212 8224
6151 13 8134
6218 47 7910 7961 8121
6227 2 8212
6229 18 7946 8212
6241 64 7908 7961 8042 8051 8212 8219
6270 57 8295
6271 8 8295
6272 80 7908 7924 8051 8073 8295
6273 1 8295
6274 6 7992
6305 147 7965 8037 8044 8128 8141 8219
6314 9 8002
6320 17 7979 8168
6331 3 8134
6333 2 7965
6347 11 7912 7979 8174 8192
6359 72 7961
6367 2 8141
6398 15 8073
6443 51 7924 8134 8224
6445 7 7912 7927
6458 22 8163
6460 56 7910 7912 7921 7924 7952 7994 7996 8019 8042
6484 10 8174 8192
6494 70 7979 8174
6502 12 7961 8134 8174
6510 54 8134
6524 6 7910 7992 8178
6538 7 8141
6550 3 7927
6552 27 8121
6560 42 8192
6563 54 7927
6570 4 7908
6596 137 7908 7910 7912 7921 7946 7961 7965 7979 8051 8073 8083 8121 8122 8124 8128 8163 8168 8174 8192 8209 8212 8219 8237
6618 79 7961 8121
6624 122 7908 7910 7912 7927 7946 8037 8042 8044 8121 8122 8124 8128
6627 12 8178
6634 4 8042 8163
6657 9 7961 8128
6692 6 7927 7979
6758 9 8121
6766 16 8051 8224
6770 5 7961
6784 41 7992
6801 5 8174
6855 14 8042 8128
6859 10 8037 8163
6866 4 7979
6875 15 7965 8168 8174 8212
6885 13 8168 8249
6889 4 7921
6900 29 7961 8121 8134
6902 20 8073 8121
6907 183 7908 7912 7924 7924 7961 7965 7992 8042 8044 8083 8121 8122 8128 8134 8141 8163 8168 8174 8178 8192 8209 8219 8237
6914 52 7927 8134
6916 30 8128 8168 8219 8235
6918 23 7927 7965 7979
6924 12 7927 8174 8237
6938 2 7992
6946 25 7992 8121 8128
6951 26 8002 8037 8042 8249
6976 37 7908
6993 75 7910 7912 7927 7946 7961
7012 10 7910 7961
7021 15 8121 8149
7026 11 7965 8083
7043 9 8219
7047 133 7908 7912 7924 7924 7927 7946 7961 7965 7979 7992 8002 8037 8042 8044 8051 8073 8121 8122 8124 8128 8134 8141 8163 8168 8174 8178 8192 8198 8209 8212 8237 8263 8277
7052 114 7910 7912 7927 7946 7961 8163 8168 8192
7053 19 8134 8224
7055 95 7910 7946 7965 7979 7992 8051 8174 8192
7056 29 7979 8209
7057 100 7908 7924 7961 7965 8051 8121 8134 8168 8209 8224 8237
7063 15 7961
7080 58 7924 7927 7965 8163 8168 8174
7086 111 7908 7910 7912 7924 7946 7965 7979 7992 8037 8042 8044 8051 8073 8083 8121 8124 8128 8134 8141 8163 8168 8174 8192 8198 8209 8212 8219 8224 8237
7092 75 7961 8121 8168
7113 8 7961
7131 23 7910
7132 21 7961 8121
7153 7 8134
7189 3 8174
7198 5 8219
7225 24 8192
7227 9 7910
7233 18 7992 8083 8121 8134 8174 8192
7237 8 8051 8192 8198
7238 9 8212
7253 3 7912
7277 2 8121
7279 17 7910 8163 8192
7280 71 7908 7910 7961 7965 8002 8042 8121 8124 8141 8174 8209
7294 37 8121
7301 18 7908 7979
7335 13 8276
7343 10 7927 8134
7350 20 8224
7357 5 8174 8219
7378 40 7908 8051 8124 8198
7390 18 7961
7391 47 7924 7965 7992 8051 8122 8174 8192 8198 8209 8212 8249
7393 10 8237
7405 17 7927 8163
7421 9 7979 8163 8192
7424 4 7908
7441 3 8168
7443 10 8192
7449 20 7979 8042 8073 8174 8219
7471 9 7946 7965
7472 1 8178
7490 25 7992 8025 8083 8128
7511 14 8044
7544 10 7924
7564 30 7908 8042 8044 8051 8073 8121 8124 8128 8168 8219
7578 24 7908 8122 8163 8174
7588 7 8141
7625 5 7924
7649 8 7965
7666 13 8121
7675 16 7979 8192 8212
7676 5 8178
7677 8 7992
7679 21 8219
7682 15 7910 7927 7961 8128 8209
7685 13 7908 8037 8124 8174 8198 8219
7691 18 7946 7961 7979
7695 3 8224
7697 12 7908 8079 8168
7726 3 7961
7727 26 7910 7921 7965 8122 8174
7733 42 7910 8051 8121 8174 8198
7743 10 7992 8168
7744 49 7910 7924 7961 7979 8051 8121 8174 8178 8209 8219 8249 8263
7759 4 7961
7768 10 7927
7769 19 7908 7910 7912 7927 7946
7772 15 8073 8134 8174 8178 8192 8212 8237
7774 30 7908 7965 7992 8037 8042 8051 8073 8121 8122 8128 8134 8168 8174 8192 8209 8212
7775 11 7965
7792 7 7927
7808 12 8124 8174
7810 7 7979 8174 8224
7818 15 7912 7946 7961 8025 8042 8083 8134
7845 2 8121
7853 2 8178
7856 7 8121 8168 8192
7862 8 8042 8174 8192
7865 22 7908 7961 8042 8051 8163 8212
7869 1 7912
7873 5 7910 7927 7979
7874 4 7927
7877 5 7927
7882 10 7910
7893 2 8174
7900 27 7908 8037 8042 8044 8083 8121 8122 8128 8134 8163 8168 8169 8192
7901 28 7908 7979 8037 8042 8051 8174 8192 8209 8212 8219 8224
7902 18 7908 8042 8051 8128 8163 8192 8209
7903 4 7908 8174
7904 6 7908 7912 7927
7905 1 7908
7906 3 7908 8212 8219
7907 10 7908 7979 8002 8083 8163 8168 8178
7910 4 7912
7911 1 7912
7919 3 7921
7920 1 7921
7922 1 7927
7923 1 7927
7924 2 7927
7925 1 7927
7932 1 8168
7945 4 7946 8192
7948 2 7910
7949 1 7910
7950 1 7910
7959 1 7961
7960 1 7961
7964 8 7965 8122
7972 1 7973
7978 1 7979
7981 1 7982
7998 1 8002
7999 1 8002
8000 1 8002
8001 1 8002
8010 2 8042
8012 7 8042 8044
8021 1 8051
8027 1 8028
8036 19 8037 8121 8124 8128 8163 8168 8174 8192
8040 1 8042
8041 3 8042
8046 14 7924 8051 8212 8246 8249
8047 17 8051 8219 8237
8051 5 8219 8237
8053 17 7924 8178 8209 8219 8237 8249 8263
8060 5 8121 8168 8192
8063 3 8121 8192
8069 4 7924
8074 1 8076
8080 1 8083
8081 1 8083
8085 16 7924 8163 8174 8192 8198
8092 4 8192 8219
8097 1 8134
8107 11 7924 8141 8192
8118 1 8121
8119 1 8121
8120 1 8121
8135 1 8134
8136 1 8134
8137 1 8134
8140 1 8141
8152 10 7924 8209 8212
8156 5 8192
8161 1 8163
8162 9 8163 8168 8174 8178 8192 8198
8170 1 8174
8171 3 8174 8192
8172 1 8174
8173 6 8174 8192 8198
8177 1 8178
8179 1 8178
8180 1 8178
8181 1 8178
8182 1 8178
8183 1 8178
8190 4 7924 8192
8193 2 8192
8194 1 8192
8195 1 8192
8196 1 8198
8197 1 8198
8204 2 8212
8211 10 8051 8212 8237
8215 1 8051
8216 1 8051
8221 1 8219
8222 5 7924 8224
8236 1 8237
8248 1 8249
