6 258 3892 4037 4792
11 733 3631 3635 3645 3650 3660 3661 3680 3748 3755 3787 3800 3806 3807 3812 3812 3830 3843 3847 3871 3892 3903 3926 3937 3956 3958 3967 3970 4011 4011 4013 4021 4024 4040 4043 4044 4055 4058 4065 4072 4088 4103 4124 4162 4179 4201 4212 4247 4256 4261 4263 4266 4269 4289 4290 4297 4299 4335 4384 4417 4422 4424 4463 4485 4510 4528 4531 4547 4578 4613 4661 4662 4706 4709 4719 4796 4808 4811 4814 4820 4827 4938 4962
12 54 3843 4233
14 105 4055 4179 4247
15 42 3755 4037 4600
20 153 4179 4373
24 270 3643 3660 3661 3748 3792 3800 3843 3854 3898 3903 3910 4040 4261 4276 4310 4338 4510 4706 4709 4712 4792 4796 4827 4944
27 89 3643 4044 4189 4191 4191 4335 4400 4448 4715 4828
29 136 3643 3717 3720 3843 4011 4021 4088 4103 4666
36 231 3680 4065 4099 4099 4201 4483 4574 4578 4712 4717 4781 4929
37 21 3976 4310 4735
42 88 4261 4709
44 42 3813 4687 4795 4875
47 113 3720 3946 4735
53 25 3650 4011 4099 4099 4162 4764
59 94 3807
66 41 3680 3803 4687
68 187 3634 3635 3643 3661 3691 3806 3807 3892 3897 3897 3958 4013 4040 4051 4055 4065 4099 4124 4162 4179 4201 4212 4290 4310 4338 4373 4453 4485 4536 4574 4587 4604 4613 4795 4828 4884 4944 4981
71 68 3635 3800 3892 3970 4037
72 113 4037
77 23 3812
86 101 3970 4055 4099 4247 4247 4338 4687 4719 4828 4962
87 164 3873 3892 3897 3962 4037 4099 4099 4110 4124 4191 4338 4400 4453 4510 4632 4687 4712 4715 4735 4748
90 63 4191
99 15 4071
103 55 4536 4666 4808 4929 4944
109 166 3634 3752 3792 3830 3897 3962 4037 4037 4099 4361 4401 4483 4536 4632 4687 4709 4712 4715 4717 4748 4795 4798 4940
110 59 4435 4981
113 68 3926 4037 4940
122 193 3635 3645 3661 3812 3843 3847 3871 3887 3903 3926 3958 3958 3970 3976 4013 4043 4099 4099 4117 4162 4191 4201 4247 4263 4266 4289 4335 4335 4365 4384 4400 4417 4422 4453 4530 4531 4578 4662 4687 4712 4719 4953 4964
127 83 3680 4037 4179 4424 4735
128 51 3680
136 64 3897 3897 3919 4099 4412 4530 4713 4717
138 69 4661
143 95 3631 3803 4037 4037
147 50 3643 3787 3970 4310 4365 4384
150 22 4373
151 44 3970
154 53 4310 4531 4875
166 77 3650 3946 4037 4191 4233 4463 4875
171 56 4689
172 120 3670 3812 3892 4798
173 332 3643 3830 3843 3897 4037 4124 4310 4709 4828 4828 4875 4875 4875
178 52 3634 3897 4297 4483 4578 4646 4715
180 54 3681
182 59 3787 4256
187 32 4384
203 26 3835 3903 4276 4338
216 7 3634
231 44 4338
237 35 4037
259 42 3835 4110
263 21 3726
265 30 4065 4266
266 13 3680
270 14 4432
275 47 3650
280 76 4037 4808
291 30 3635 4013 4179 4201 4233 4261 4266 4466 4661 4662 4666 4719 4735 4776 4811
302 9 3635 3724
306 215 3680 3812 3847 3976 4011 4041 4138 4162 4290 4299 4365 4661
308 144 4233 4373
310 236 3634 3643 3643 3664 3967 4471 4482 4827 4828
311 312 3843 3892 3969 3976 4040 4072 4098 4099 4435 4534 4578 4712 4884
313 41 3946
315 70 4037
317 126 4037
319 193 3643 3691 3748 3752 3796 3830 3843 3854 3897 3910 3958 4040 4099 4103 4297 4310 4335 4527 4551 4587 4632 4827 4828 4962
325 15 3967 4808
331 2 3892
334 41 4179
335 48 4037 4037 4037 4191 4191 4234 4365 4551 4632 4709 4814 4820
336 28 4289
346 27 3887 4266 4814 4822
351 11 3946 4735
356 16 4110
364 11 4110
371 117 3645 3755 3796 3967 4110 4335 4424 4661 4735
383 19 4110
395 37 3634 4175 4179 4341 4709
398 6 3792
405 17 3680
406 33 3631
407 101 3645 3835 4037 4037 4846 4980
412 21 3813
425 49 4065 4373 4530 4875
427 6 4175 4179
432 155 3635 3680 3796 3803 4037 4055 4124 4261 4400 4551 4578 4587 4600 4653 4666 4706 4827
434 6 4361
445 4 4547
449 4 4400
456 3 3755 4981
457 640 3634 3643 3660 3661 3680 3691 3724 3726 3755 3796 3803 3807 3812 3830 3843 3847 3854 3871 3887 3897 3897 3910 3956 3958 3962 3976 4011 4013 4037 4037 4040 4041 4044 4065 4098 4099 4099 4124 4191 4191 4231 4233 4247 4256 4263 4269 4297 4315 4335 4361 4400 4401 4412 4441 4448 4482 4483 4488 4527 4530 4534 4536 4536 4547 4574 4587 4600 4613 4653 4666 4687 4689 4709 4712 4712 4713 4715 4717 4735 4748 4764 4781 4792 4795 4795 4797 4798 4811 4814 4820 4824 4827 4828 4846 4875 4899 4929 4940 4944 4953 4964 4980
465 9 3717 3812 3937 3967
467 7 4247
495 3 4037
534 3 3800
546 107 3650 3946 4037 4037 4099 4191 4191 4424 4463 4536 4578 4712 4719 4795
549 3 4256
553 19 4712
556 117 3661 4124 4276 4338 4735
580 28 3664 4041 4653 4709 4899
582 29 3812 3956 4040 4072 4212 4261 4536 4661 4662 4666 4728 4735 4796 4808 4811
583 9 4687
600 171 3835 3962 4037 4037 4071 4191 4276 4310 4338 4510 4709
601 9 4234
633 48 4099 4534
634 106 3796 3803 3892 4041 4099 4400 4748 4929
635 52 4261
637 26 4037 4037 4335 4712 4820
643 44 3803 3871 4037 4117 4179 4735
645 17 4315
657 1 4110
659 13 3755
663 133 3635 3661 3897 3910 3962 4040 4099 4269 4400 4424 4485 4846 4980
667 18 4037 4463 4600
688 5 3720 3967
689 27 3926 4666
690 3 4600
695 87 3680 3807 3892 4011 4098 4201 4587 4712 4735 4962
697 85 3631 3635 3970 4037 4044 4099 4212 4266 4574 4661 4666 4735 4820 4953 4962
704 82 3680 4661
710 88 4735
719 4 3808
722 124 3680 3796 3897 4037 4037 4798 4980
727 19 4191 4828
737 120 3631 3726 3792 3842 4037 4037 4044 4065 4071 4335 4401 4432 4632 4712 4713 4875
742 85 4044 4234 4261 4384 4424 4820 4875
749 62 3634 3873 3892 3970 4037 4124 4289 4400 4715 4953 4981
759 55 3680 4338 4653
762 42 3976 4875
763 45 3664 3691 3752 3806 3976 4712 4953
764 22 4269
766 709 3631 3631 3634 3635 3643 3645 3664 3691 3720 3724 3726 3748 3752 3787 3792 3796 3803 3806 3812 3813 3830 3842 3843 3854 3873 3887 3897 3898 3910 3956 3958 3958 3962 3969 3976 4011 4013 4040 4041 4043 4044 4055 4065 4072 4099 4099 4103 4124 4138 4162 4175 4179 4191 4191 4191 4212 4247 4256 4261 4263 4266 4269 4289 4290 4297 4299 4310 4315 4335 4338 4341 4400 4422 4435 4448 4453 4463 4482 4485 4488 4510 4527 4528 4530 4531 4534 4547 4551 4578 4587 4600 4604 4613 4632 4653 4661 4662 4666 4687 4689 4706 4709 4712 4713 4715 4717 4719 4748 4764 4781 4792 4795 4797 4798 4808 4814 4820 4824 4827 4828 4846 4884 4899 4929 4938 4944 4953 4962 4964 4980 4981
769 137 3755 3755 4110
784 205 3631 3650 3661 3680 3720 3892 3976 4013 4179 4256 4263 4373 4384 4424 4820 4875
788 52 3897 3946 4201 4795
789 209 3631 3664 3748 3830 3843 3854 3897 4037 4040 4099 4099 4103 4124 4212 4219 4266 4297 4315 4335 4338 4400 4448 4482 4527 4530 4551 4587 4600 4632 4687 4706 4712 4712 4715 4792 4797 4808 4820 4824 4827 4828 4875 4929 4977
791 29 4037
795 57 4037 4289 4297 4384
798 12 3660 3661 4365 4384 4417 4424
805 82 3800 4289 4384
813 261 3650 3724 3748 3847 3854 3967 3976 4041 4043 4055 4124 4138 4162 4179 4256 4263 4269 4289 4290 4402 4578 4613 4653 4735 4781
816 25 4289 4463
820 9 4110
822 11 3748 3854
825 139 3631 3635 3650 3660 3748 3796 3800 3835 3892 3910 3926 3969 3970 3976 4037 4037 4037 4043 4058 4099 4099 4103 4110 4124 4191 4261 4310 4417 4463 4530 4551 4578 4687 4735 4820 4827
827 3 3946
836 26 3847
840 7 3962
841 22 3664
842 27 4055 4110
852 25 3946 4037
854 56 3873 3976 4175 4179 4712 4792 4827 4929
856 30 3680 3962
861 16 3680
865 45 4276 4846
879 108 3635 3650 3661 3680 3812 3812 3843 3871 3892 3897 3897 3956 3976 4011 4040 4044 4124 4162 4191 4212 4261 4266 4290 4335 4448 4463 4485 4528 4531 4578 4613 4661 4662 4735 4814 4938 4962
896 25 3843 4037 4037 4310
898 7 4796
908 6 4735
922 147 3807
935 19 3796
943 28 4011
946 85 4040 4179
947 21 4297 4400 4735 4796 4962
950 8 4797
956 40 4201 4338
963 3 4875
964 4 3634
967 12 4037
974 30 3769 3946 4037 4191 4735 4962 4981
982 32 4058
986 50 3970
988 257 3645 3670 3680 3681 3800 3804 3807 3812 3847 3892 3903 3926 3937 3970 4013 4037 4256 4290 4384 4401 4432 4578 4735 4962
993 233 3800 3926 3970 4256 4365 4424
994 42 3885 3892 4013 4384 4953
996 279 3796 3806 3813 3897 3958 4055 4098 4179 4266 4289 4315 4335 4384 4400 4424 4448 4530 4574 4600 4661 4666 4666 4712 4712 4735 4797 4875 4929 4964
1000 34 4527
1003 17 4071
1004 8 4846
1006 130 4037 4422 4510
1008 5 4875
1009 43 4263
1018 3 4335 4728
1024 40 3748 4162 4510 4706
1031 16 3650
1032 34 3787 4712
1034 34 3680 4828
1037 50 4037 4266
1041 31 3956 4453 4587 4796 4828 4875
1042 38 4653
1043 20 4424 4953
1044 9 3926
1051 48 4175 4179 4453 4827 4953
1055 139 4037 4099 4175 4530 4735 4797 4875 4875
1062 157 3645 3812 3956 4011 4256 4263 4269 4531
1063 29 3873 4717
1064 14 3803 3803 4212
1065 8 4011
1074 75 3634 3792 3830 3842 4065 4099 4709 4712 4713 4717 4791
1075 59 3650 4055 4179 4276 4448
1097 93 3926 4124 4247 4247 4256 4310 4335 4530 4735 4953
1098 260 3726 4401 4483 4632 4666 4764 4940 4981
1111 42 4065 4191 4247 4400
1113 4 3835
1125 22 3796 4578 4735
1127 58 4179 4297 4587 4776
1128 10 4424
1129 53 3755
1132 42 3871 4117 4424 4687
1133 282 3635 3643 3645 3660 3661 3664 3691 3724 3748 3787 3796 3806 3812 3843 3854 3873 3898 3956 3958 3976 4011 4037 4037 4037 4040 4041 4044 4055 4065 4072 4103 4110 4124 4175 4191 4191 4212 4247 4256 4261 4263 4269 4289 4290 4297 4299 4310 4335 4365 4384 4400 4417 4422 4424 4448 4463 4482 4485 4527 4528 4531 4534 4551 4574 4578 4587 4600 4662 4706 4719 4728 4735 4781 4792 4796 4808 4811 4814 4820 4824 4827 4828 4846 4938 4962
1137 104 3643 3748 3796 3854 3898 4041 4099 4162 4256 4335 4653 4827
1142 28 3680 4400
1144 7 4037
1150 8 4011
1151 460 3643 3680 3726 3752 3792 3796 3807 3842 3885 3892 3897 3903 3926 3937 3962 4011 4037 4044 4065 4071 4099 4099 4103 4124 4179 4191 4212 4234 4247 4247 4310 4335 4338 4384 4422 4435 4510 4530 4531 4534 4551 4653 4706 4712 4781 4792 4828 4875 4899 4964 4981
1164 23 3873 4099
1165 13 4037 4037 4037
1166 318 3631 3635 3643 3650 3796 3803 3807 3812 3830 3873 3892 3897 3910 3976 3976 4011 4037 4037 4040 4041 4065 4099 4099 4124 4201 4247 4247 4256 4266 4297 4299 4315 4483 4527 4547 4666 4712 4719 4748 4781 4828 4981
1167 78 3650 3976
1168 5 3660
1169 24 3807 3871
1179 8 4463 4719
1184 57 3635 4011 4040 4212 4261 4613 4661 4719 4796
1185 25 3958 4875
1193 23 4463
1196 4 3645 4110
1200 92 4534 4796
1204 58 3843 3854 4037 4191 4335 4792 4938
1207 24 4099 4748
1210 221 3634 3670 3807 3926 3958 3976 4037 4289 4290 4400 4424 4795 4798 4846
1211 66 3720 4051 4138 4256
1215 40 3873
1221 75 3807 3903 3956
1228 9 4299 4463 4735
1235 20 3755
1236 98 3807 4263 4365 4463
1241 33 3755 3800 3903 4536 4735
1247 69 3843 3873 4299 4384 4534 4953
1253 21 4510
1259 41 3680
1261 6 3755
1267 61 3800 3970 4600 4938
1279 126 3892 3956 4013
1280 2 4341
1285 24 4463 4600
1286 55 3643 3680 4055 4432 4613 4662
1291 34 3885 3887 4719
1297 48 3755 3800 3946
1305 227 3680 3800 3812 3847 3887 3903 4043 4055 4162 4263 4938
1306 19 3680
1310 2 4827
1319 185 3650 3726 3755 3755 3787 3871 3967 4162 4323 4528
1320 6 4980
1331 6 3755
1336 8 3792 4687
1350 114 3755
1353 24 3835 4276 4338
1356 18 3813 4201 4373
1357 84 4256
1360 10 4953
1374 385 3631 3726 3752 3830 3843 3887 3910 3958 3962 3973 4055 4071 4099 4124 4179 4233 4247 4269 4276 4310 4335 4338 4341 4361 4435 4448 4530 4534 4600 4632 4653 4666 4712 4797 4846 4875 4981
1375 3 4098 4480
1377 31 3755
1381 51 3634 3748 3755 3897
1383 4 4179
1384 20 4179
1385 24 4037 4099 4179 4781
1390 28 3755
1395 192 3892 3970 4261 4263 4600 4706
1419 29 3807
1428 159 3843 3970 4055 4706
1457 5 3748
1462 30 4233 4247
1463 22 3892 4944
1466 24 4247 4964
1467 8 3664 4964
1468 19 3645 4103 4212 4424 4796 4808 4814 4827
1470 115 3813 3897 3910 4013 4099 4124 4191 4297 4400 4645 4735 4792 4797
1471 45 4263
1473 70 3680 3903 3970 4071 4266 4338 4706 4709 4719 4814 4827
1483 51 3755
1492 159 3645 3897 4021 4037 4040 4043 4162 4422 4715 4735 4811 4964
1496 190 3830 3892 4040 4071 4261 4310 4400 4463 4709
1500 26 4098 4191
1506 34 3976 4349 4953
1521 104 3755 4055
1522 90 3670 3800 3806 3807 3812 3847 3903 3937 3956 3976 4011 4072 4179 4247 4256 4263 4400 4424 4735
1530 10 4632
1537 72 3812 3897 3956 4011 4011 4021 4335 4528 4536 4551 4578 4735
1538 75 3755 3755 4021
1542 237 3634 3645 3803 3873 3892 3897 3910 3967 3976 3976 4011 4037 4043 4124 4127 4191 4233 4247 4297 4310 4338 4422 4448 4483 4485 4527 4534 4547 4578 4587 4613 4645 4646 4661 4666 4666 4712 4712 4715 4717 4748 4781 4828 4846 4899 4981
1549 522 3631 3634 3643 3650 3661 3680 3691 3720 3755 3787 3796 3800 3807 3812 3812 3813 3835 3842 3847 3892 3903 3970 4011 4013 4021 4037 4041 4055 4099 4099 4103 4117 4162 4179 4191 4247 4247 4256 4261 4263 4266 4276 4289 4310 4338 4349 4400 4463 4527 4574 4578 4587 4600 4632 4653 4661 4666 4712 4712 4719 4811 4875 4875
1550 20 3650 3660 3800 3812 3812 3903 4365 4384
1552 50 4037 4266 4846
1554 4 4310
1564 27 3755
1566 42 3748 3854 4256
1583 78 3650
1585 80 3807 4179
1592 25 4179 4953
1594 108 4179
1596 31 3842 4043 4055 4256
1608 344 3796 3813 3843 3871 3887 3926 4011 4021 4037 4065 4162 4234 4247 4247 4256 4290 4338 4361 4365 4384 4530 4531 4604 4712 4795
1613 12 4103 4798
1614 71 3680 4037 4600 4706
1621 76 3645 4072 4290 4578 4811
1622 39 3680 3792 4578
1623 36 3634 3812 4037 4717 4811
1626 2 3650
1639 36 3631 3680 3792 4748
1644 46 3976 4600
1647 15 3967 4072 4191 4315 4796
1661 36 3635 3645 3962 4269 4482
1667 32 3796 4310 4341 4547
1680 4 3813 4315 4373
1687 6 3806 4528 4811
1688 24 4162 4179 4827
1691 47 3807 4043 4247 4435 4981
1697 42 3970 4349 4530
1701 98 3897 4037 4041 4071 4276 4310 4338 4373 4483 4527 4574 4578 4600 4709 4712 4715 4735 4795 4828 4899
1707 29 4055 4578
1717 98 3680 3873 3976 4037 4037 4037 4453 4735
1719 10 4712
1729 15 4037
1730 29 3970 3976 4110 4384 4735
1733 40 3970 4099 4335 4735 4786 4875 4875
1734 47 4037 4043 4310 4335
1748 37 3635 3661 4013 4037 4179 4424 4463
1749 63 3670 3843 3926 3937 4021
1754 18 3787
1762 37 3830 4065 4412 4441 4709 4712 4713
1767 75 3680 3807 3813 3847 3926 3937 4037 4037 4110 4191 4247 4247 4290 4453 4828
1769 64 3803 3898 4040 4043 4712
1772 95 3755 3970
1783 58 3748 4811
1789 11 3796
1794 25 3892 3970
1795 41 3843 4043
1796 38 3897 4099 4483 4536 4717 4748 4795
1799 42 3796 3803 3830 3969 3970 4043 4662 4735 4792 4981
1800 20 4175
1803 20 4297
1807 6 3796 4247 4653
1808 103 4124 4256 4338
1811 37 3634 4536 4574 4632
1813 33 3800 3812 3956 4011 4072 4531 4578
1814 79 3645 3842 4299 4422 4944
1816 10 3755 4335
1820 90 3650 3807 3892 3903
1823 45 3830 4065 4247 4315 4587 4600 4706 4824
1835 55 3892 4110 4247 4338 4424 4632
1838 54 3631 3787 4013 4088 4201 4233
1847 46 3897 3897 3910 4099 4191 4191 4400 4712 4735 4811
1848 13 3680
1859 3 4037 4071
1869 4 3680
1874 2 3835 4276
1875 26 3717 3903 4269 4289
1879 13 3885
1885 43 3650 3892
1888 28 3843 4043 4055
1891 23 3807 3976 4021 4256
1896 50 3807 3887 4037 4037 4266 4536 4547
1901 1 3847
1915 16 4310 4587
1918 18 4072
1922 126 3650 3812 3843 3892 4124 4297
1935 5 3830
1937 6 4276
1947 7 3800 3892
1964 10 4719
1966 17 4055
1972 184 3650 3680 3800 3807 3842 3843 3847 3892 3903 3970 4041 4043 4055 4110 4162 4179 4201 4448 4600 4604 4712 4713 4795 4929
1980 44 3660 4335 4662
1982 26 3792 4536
1984 7 3887 4011 4191 4875
1985 57 3650 3956 4485 4735 4808
1990 29 3830 4065 4233 4384 4709 4712 4735
2001 37 3897 3910 4355 4361 4448 4666
2003 42 3892 4037 4037 4531
2009 46 3680 3755 3871 4289 4687
2010 11 4687
2016 12 3748 3892
2033 13 3835 4276 4338 4510
2047 1 4463
2050 4 4335
2062 118 3803 3803
2065 45 3843 3970 4338
2068 2 4981
2093 52 4709
2105 3 3681
2109 27 3843 3926 4021 4044 4247 4266 4338 4424 4463 4661 4666 4735
2113 5 4072
2114 31 3680 3970
2115 12 4574
2117 18 4037 4735 4808 4820 4827
2118 114 3752 3806 3812 3892 3898 4037 4037 4201 4297 4299 4400 4448 4463 4735
2120 56 4179 4261 4536
2129 42 3645 3724 3800 3812 3903 3958 4138 4234 4290 4299 4335 4424 4463 4510 4528 4531 4547 4578 4735 4808
2133 122 3755
2134 13 4191 4256 4289 4290 4299 4323 4365
2135 143 3691 3724 3748 3787 3792 3807 3873 3887 4037 4037 4099 4099 4124 4179 4191 4234 4266 4335 4335 4448 4463 4530 4534 4536 4604 4661 4712 4712 4735 4748 4820 4827 4846 4899 4953
2144 17 3660 3720 4349 4735
2145 134 3631 3645 3664 3787 3800 3807 3843 3873 3903 4037 4191 4234 4266 4289 4335 4384 4400 4424 4485 4574 4587 4687 4735 4792 4798 4827 4875 4875 4953
2172 24 3897 4980
2174 49 3903 4269
2186 57 3969 4269 4338 4574 4604 4828
2196 3 4179
2210 16 4013 4233 4735
2215 12 3792 4384 4735
2217 6 3787 4384
2223 13 3720 3892 4071 4401 4798
2225 36 3755
2226 23 4266 4827
2230 38 3680
2231 26 3976
2237 254 3635 3643 3645 3650 3660 3661 3680 3748 3800 3807 3812 3812 3847 3871 3887 3892 3903 3956 3958 3970 4011 4040 4044 4072 4103 4124 4191 4191 4191 4212 4234 4256 4261 4263 4266 4269 4276 4289 4290 4299 4335 4335 4365 4384 4417 4422 4424 4448 4453 4463 4485 4510 4528 4551 4574 4578 4600 4613 4653 4661 4662 4666 4687 4719 4735 4781 4796 4808 4811 4814 4824 4827 4828 4938 4962
2240 106 3796 3842 3962 3976 4037 4037 4065 4099 4256 4471 4528 4981
2246 7 4735
2249 38 3726 4361
2252 15 3970
2256 125 3635 3643 3720 3787 3800 3897 4041 4055 4179 4181 4201 4247 4335 4400 4735 4795 4798 4811
2257 47 3680 3796 3885 3892 4191 4719 4827 4938
2258 90 3631 3873 3970 4011 4037 4037 4043 4349 4510 4666 4712 4715 4781 4980
2264 51 3660 3691 3843 3926 3937 3958 4124 4234 4247 4247 4261 4417 4530 4706 4712 4797
2276 21 3897 4400 4795
2277 6 3643 4335
2289 13 4124 4876
2290 95 3670 3680 3720 3769 3800 3803 3807 3812 3843 3847 3887 3892 3903 3946 3970 4011 4021 4088 4110 4191 4384
2297 150 3650 3661 3807 3926 3946 4021 4055 4099 4124 4162 4179 4191 4233 4263 4269 4299 4338 4400 4528 4578 4604 4706 4811 4981
2298 26 3660 3724 3806 4269 4289 4349 4365 4417 4424
2299 65 3892 3903 4044 4448 4587 4824
2322 15 3645
2323 54 3847 4179 4191 4400
2326 249 3631 3645 3646 3650 3660 3661 3670 3680 3681 3717 3720 3787 3800 3804 3807 3812 3813 3813 3843 3847 3871 3887 3892 3898 3903 3926 3937 3967 3970 3976 4011 4013 4021 4024 4031 4043 4055 4058 4110 4117 4124 4138 4162 4179 4181 4189 4191 4201 4233 4247 4256 4263 4269 4290 4297 4298 4323 4349 4373 4384 4402 4417 4424 4468 4480 4500 4578 4735 4811 4938 4962
2328 205 3650 3661 3800 3892 3903 3926 3970 4021 4037 4043 4065 4099 4134 4162 4247 4256 4269 4323 4483 4604 4709 4712 4717 4791 4795
2356 57 3650 3800 3843 3887 3892 3903 3926 3937 4011 4021 4043 4179 4269 4290 4528
2357 12 3755
2364 10 3885 4037 4424
2365 58 3812 3958 4013 4021 4071 4510 4528 4530 4719 4735
2369 134 3634 3643 3796 3813 3897 3897 3898 3910 3976 4037 4037 4124 4191 4219 4297 4310 4315 4432 4448 4530 4536 4536 4547 4587 4824 4828 4875 4875 4929 4964 4964 4977
2371 93 3634 3748 3796 4124 4256 4323 4361 4653 4964
2375 32 4289 4365 4384 4712
2376 22 3755
2379 46 3631 3772 3787 4013 4110 4162 4179 4201 4233 4247 4269 4480 4552 4557
2381 37 3631 3631 3720 3892 4013 4037 4037 4201 4269 4547 4875
2384 65 3796 3871 4037 4099 4201 4247 4247 4289 4600 4687 4781 4828 4828
2387 52 3643 3724 3796 3897 3910 3958 4315 4400 4448 4574 4587 4600 4653 4828 4875 4964
2398 56 3650 3720 3800 3892 3903 3926 3937 3970 4191 4528 4578 4735 4811
2410 27 3962 4071 4098 4310 4400 4929
2411 96 3635 3645 3650 3680 4021 4124 4233 4247 4299 4412 4531 4547
2427 6 4687
2437 3 4687
2440 43 3643 3664 3892 3962 3976 4099 4191 4261 4400 4687 4712 4827 4828 4981
2444 6 4600
2451 3 4687
2452 29 4037 4341 4361 4401 4875
2456 31 3842 3873 4037 4531 4689 4735 4781 4981
2473 83 3812 4528 4531
2474 101 3631 4021 4055 4191 4735
2475 2 4261
2480 3 4315
2481 8 4536 4632
2485 286 3645 3650 3660 3680 3748 3752 3796 3800 3854 3873 3892 3897 3903 3970 4013 4040 4055 4071 4099 4124 4162 4175 4179 4212 4247 4256 4266 4290 4338 4384 4432 4485 4510 4574 4578 4600 4613 4653 4666 4712 4781 4814 4827 4828 4828 4899 4938 4964
2488 20 3873 3892 4072 4201 4827
2493 5 3634 4748
2496 1 4261
2497 37 3629 3745 3772
2502 22 4110
2504 82 3650 3800 3843 3892 3903 3926 3956 4043 4099 4191 4256 4263 4400 4485 4827 4846 4953 4962 4981
2506 28 3631 3892 4011 4013 4055 4124 4289
2508 13 3892
2510 69 4124 4256
2516 36 3664 3680 3792 3892 3976 4574 4706 4808 4875
2523 5 4175
2524 4 3946
2535 24 3976 4040 4233 4480
2542 73 3812 3847 3903 3926 3946 4013 4175 4233 4247 4261 4338 4361 4463 4510 4604 4735 4981
2547 64 3650 3976 3976 4124 4266 4297 4453 4662 4687 4706 4715 4719 4735 4798
2548 12 3645
2549 63 3650 3752 3812 3937 4037 4037 4482 4531 4536 4587 4797 4814 4929
2557 77 3643 3854 3898 3958 4220 4298 4551 4613 4792 4953
2559 54 3680 4051 4110 4384 4453
2560 89 3650 3661 3770 3843 4021 4044 4191 4256 4289 4341 4365 4384 4706
2564 49 3635 3680 3720 3830 4099 4191 4247 4297 4338 4712 4953
2565 827 3631 3635 3645 3646 3650 3660 3661 3664 3670 3680 3681 3691 3726 3748 3752 3769 3787 3792 3796 3803 3803 3804 3806 3807 3812 3812 3813 3813 3843 3843 3847 3854 3871 3885 3887 3892 3898 3903 3910 3926 3937 3956 3958 3962 3969 3976 4011 4011 4013 4021 4037 4037 4037 4040 4043 4044 4055 4058 4065 4071 4072 4103 4110 4117 4124 4134 4138 4162 4179 4191 4191 4201 4212 4233 4234 4247 4256 4261 4263 4266 4269 4289 4290 4297 4297 4299 4315 4335 4335 4341 4349 4355 4361 4365 4384 4400 4401 4417 4422 4424 4432 4435 4448 4453 4463 4482 4485 4488 4510 4528 4530 4531 4536 4536 4547 4551 4578 4587 4600 4613 4632 4653 4661 4662 4666 4666 4706 4709 4713 4719 4764 4792 4796 4808 4811 4814 4820 4824 4827 4846 4875 4884 4929 4938 4940 4944 4953 4964 4981
2572 7 4051
2576 138 3643 3670 3769 3813 3956 3958 3958 3962 4037 4037 4065 4071 4072 4536 4613 4797 4981
2585 46 3645 3842 3892 4021 4448 4528 4574
2587 12 4349 4661
2592 8 4191 4587 4846
2593 26 3650
2594 42 4021 4124
2595 42 3650 4162 4179 4276 4338
2596 13 4536 4735
2599 9 4400
2605 58 3643 3660 3807 3812 4191 4335 4483 4653
2609 6 4482 4712
2611 8 4037 4261
2612 29 3813 3897 3958 4290
2613 17 3803 3807 4808 4828
2614 4 3680 3847
2617 22 4037 4980
2618 50 3755 4014 4191 4796
2619 44 3752 3800 3962 4712
2620 26 3919
2621 8 4719
2623 47 3892 4011 4037 4037 4124 4315 4338 4527 4666 4687
2645 5 4191 4289
2646 30 3645 4422
2647 16 3755
2651 216 3635 3645 3650 3661 3680 3691 3787 3800 3803 3807 3847 3854 3887 3898 3903 3910 3911 3926 3956 3958 4013 4043 4051 4055 4072 4162 4179 4191 4201 4256 4261 4263 4266 4269 4290 4299 4365 4400 4422 4424 4448 4463 4485 4530 4536 4547 4551 4578 4662 4735 4792 4797 4827 4899 4938 4962
2653 102 3634 3645 3650 3680 3748 3800 3807 3813 3854 3903 3970 4043 4124 4162 4179 4256 4299 4510 4578 4827
2654 56 3650 3800 4013 4233
2655 30 4040 4201 4687 4712 4735 4795 4827
2657 35 3645 4299 4717 4953
2658 231 3660 3661 3664 3691 3724 3752 3806 3807 3812 3847 3885 3956 3958 3962 3969 3976 4011 4021 4044 4071 4072 4124 4127 4289 4315 4335 4373 4401 4417 4424 4435 4463 4471 4482 4510 4531 4588 4632 4717 4735 4811 4820 4824 4875 4962 4981
2660 148 3670 3752 3807 3843 3873 3887 4044 4110 4110 4261 4365 4373 4424 4463 4485 4510 4528 4574 4613 4712 4717 4792 4797 4980
2667 93 3643 3691 3897 4041 4175 4191 4247 4310 4483 4600 4666 4687 4715 4781 4795 4798 4828 4846 4929 4964 4980
2674 83 3650 3903 3970 4335
2677 37 4536 4666 4944
2680 6 4530
2683 8 4587
2686 120 3643 3670 3903 4041 4175 4310 4483 4715 4717 4735 4828
2688 516 3631 3634 3635 3643 3645 3661 3664 3670 3680 3691 3724 3748 3792 3796 3800 3804 3806 3807 3812 3812 3813 3813 3843 3843 3847 3854 3873 3892 3897 3898 3898 3903 3910 3926 3937 3956 3958 3970 3976 4011 4013 4021 4037 4041 4044 4055 4099 4099 4103 4124 4162 4175 4179 4191 4191 4191 4212 4233 4247 4247 4256 4261 4263 4266 4269 4297 4299 4310 4315 4335 4335 4338 4384 4400 4417 4424 4448 4453 4463 4482 4485 4488 4510 4527 4528 4530 4531 4534 4536 4536 4547 4551 4574 4578 4587 4600 4604 4653 4661 4662 4687 4689 4706 4709 4712 4713 4715 4717 4719 4764 4781 4792 4795 4796 4798 4808 4811 4814 4820 4824 4827 4828 4828 4846 4899 4929 4953 4962 4964
2689 34 3812 4138 4247 4435
2691 39 3892 3976 4098 4510 4527
2693 132 3643 3660 3664 3792 3813 3843 3910 4134 4179 4201 4247 4263 4290 4448 4547 4687 4709 4735 4811 4953 4980
2694 17 4191 4735
2696 61 3661 3748 3796 3854 4099 4124 4256 4261 4335 4578 4653 4662
2697 45 3650 4055 4124 4256 4290
2699 63 3650 3812 3871 3887 3910 4040 4043 4212 4219 4266 4365 4709 4735 4796
2700 113 3661 3680 3800 3807 3812 3843 3892 3903 3926 3970 4011 4043 4055 4138 4162 4179 4191 4201 4256 4263 4269 4290
2702 39 3796 3813 3843 4099 4247 4310 4547 4574 4953
2704 40 3650 4263 4574
2707 100 3645 3650 3970 3973 4037 4037 4043 4055 4088 4110 4117 4124 4179 4289 4297 4338 4365 4417 4422 4463 4534 4899
2708 5 4719
2713 166 3645 3650 3660 3661 3670 3787 3800 3812 3871 3887 3892 3903 3926 3937 3970 4011 4013 4021 4043 4055 4138 4162 4179 4181 4201 4233 4234 4247 4256 4263 4269 4289 4297 4299 4323 4349 4365 4384 4417 4422 4424 4463 4485 4510
2715 2 4179
2719 20 4162 4323
2724 6 3804 3847
2727 35 4099 4162 4256 4323 4400 4551
2729 1 3755
2737 16 4510 4820
2740 28 3803 3804 3807
2744 36 4175 4574 4709
2746 20 4021 4528
2747 65 3650 3670 3680 3800 3807 3892 4021 4051 4191 4233 4247 4365 4384 4485 4735 4811
2760 20 3787 4099 4600 4828
2765 30 3634 3897 3897 4600 4719 4875
2770 1 4110
2774 45 3897 3976 4055 4071 4261 4646 4735
2775 36 4191 4191 4266 4384 4604 4689 4717 4981
2778 16 4173
2787 5 4072 4162
2790 145 3650 3670 3680 3800 3807 3897 3958 3967 3970 3980 4124 4191 4400 4448 4536 4578 4778 4811 4875
2792 17 3976 4040
2793 6 4335 4828
2796 3 4037
2799 6 3680 3847
2807 4 4037
2811 9 4315
2819 12 3903 4536 4600
2822 29 3847 4124
2831 39 3631 3813 3958 4310 4531 4578 4846
2832 27 3645 3650 3812 4037 4191 4234 4264 4289 4299 4384 4422 4424 4485 4728 4735 4814 4820 4953
2833 7 3969
2834 2 3726
2838 20 3892
2842 93 3645 3800 3812 3970 4011 4021 4138 4179 4256 4349 4384 4485
2851 45 3643 3796 4037 4432 4940
2855 13 3842
2859 90 3645 3650 3724 3748 3812 3843 3903 3937 3976 4011 4024 4037 4043 4044 4055 4162 4179 4191 4234 4256 4290 4297 4331 4335 4351 4365 4373 4402 4412 4463 4468 4500 4510 4528 4531 4557 4588 4588 4613 4648 4661 4677 4719 4728 4811 4831
2871 165 3650 3661 3748 3796 3806 3813 3843 3847 3854 3892 3898 3903 3970 4013 4043 4055 4162 4179 4189 4212 4256 4261 4263 4297 4315 4338 4400 4482 4510 4534 4547 4551 4587 4662 4706 4719 4792 4824 4827 4929 4962
2872 54 3717 3800 3803 3807 3816 3843 3847 3871 3892 3903 3926 3937 3967 3970 4011 4024 4043 4055 4110 4117 4162
2883 18 3897 4247 4310 4448
2889 11 4653 4687 4712 4899
2900 28 3650 4247
2903 5 3956 4796
2905 2 3830
2909 51 3726 3910 3976 4124 4310 4335 4528 4534 4587 4653 4712 4712 4735
2912 26 4463
2914 4 4792
2917 2 4735
2923 33 3646 3680 3724 4547
2932 50 3635 3661 3724 3812 3969 4065 4261 4266 4323 4365 4373 4463 4661 4735 4814 4875
2935 30 3854 3958 4124 4466 4588 4613 4661 4662 4719 4792 4797 4938 4962
2940 91 3792 3800 3803 3807 3847 3892 3897 4055 4162 4179 4201 4485 4980
2941 6 3970
2947 10 4043
2951 14 4463 4531
2958 48 3645 3650 3892 3898 3903 4256 4290 4299 4400 4528 4735
2964 59 4011 4021 4043 4055 4110 4162 4179 4256 4263 4269 4289 4290 4424
2967 232 3631 3635 3660 3680 3691 3717 3724 3748 3787 3796 3806 3813 3813 3843 3843 3847 3854 3871 3903 3956 3958 4011 4013 4021 4024 4037 4040 4043 4044 4055 4088 4099 4103 4110 4124 4138 4162 4179 4181 4191 4191 4201 4212 4219 4233 4234 4247 4256 4261 4263 4266 4269 4289 4290 4297 4335 4422 4453 4485 4510 4551 4574 4578 4600 4613 4653 4661 4662 4666 4706 4719 4735 4792 4796 4811 4814 4827 4828 4828 4938 4962
2968 37 3650 4124 4179 4349 4735
2972 271 3634 3635 3645 3650 3661 3664 3691 3748 3796 3800 3843 3854 3873 3885 3898 3903 3910 3919 3926 3956 3958 4037 4037 4040 4043 4044 4055 4058 4099 4103 4124 4162 4175 4212 4219 4247 4261 4263 4266 4269 4297 4299 4315 4335 4338 4361 4400 4422 4448 4453 4482 4485 4527 4528 4534 4536 4547 4551 4578 4587 4600 4604 4613 4653 4661 4662 4666 4689 4706 4712 4712 4717 4717 4719 4735 4748 4792 4795 4796 4797 4811 4814 4824 4827 4828 4846 4899 4929 4938 4964
2974 15 3720 4051 4110 4173
2976 7 3888 4037
2981 36 3910 4043 4124 4162 4661 4662
2983 18 4335 4432 4940
2985 4 3748
2988 56 3796 3847 3873 3897 4041 4256 4310 4335 4483 4488 4600 4653 4687 4717 4884
2989 10 3854 4256
2991 6 3787 4179
2999 6 4191
3000 31 3830 4748
3005 27 4021
3007 8 3903
3009 38 3643 3650 3724 3812 4338 4365 4384 4400 4422 4528 4578 4666
3010 118 3650 3670 3680 3717 3807 3847 3871 3887 3892 3903 3937 4400 4712 4712 4764
3015 30 4037 4338 4534 4828 4899 4980
3018 18 3680 3806
3021 5 4071
3024 47 3650 3748 4256 4578
3026 151 3635 3645 3650 3680 3724 3748 3813 3847 3854 3892 3903 3910 4011 4043 4124 4162 4189 4191 4256 4261 4335 4349 4384 4448 4453 4510 4547 4578 4587 4600 4706 4827 4962
3027 31 4247 4247 4310 4335 4574 4712 4781 4808
3028 99 3634 3635 3650 3661 3670 3892 3897 3903 3956 4011 4099 4124 4191 4201 4256 4297 4310 4384 4485 4510 4551 4578 4715 4828 4962 4964
3031 42 3847
3032 205 3635 3645 3670 3681 3724 3787 3803 3803 3813 3843 3871 3887 3897 3910 3926 3937 3946 3958 3958 4013 4065 4138 4179 4191 4191 4233 4247 4247 4266 4269 4289 4290 4297 4299 4323 4373 4384 4417 4424 4432 4453 4463 4483 4510 4528 4588 4653 4661 4666 4712 4712 4717 4795 4846 4953 4981
3033 38 3650 4510
3034 38 3661 3724 4037 4124 4212 4463 4510 4528 4531 4735
3035 13 3830 3871 4600
3040 6 3970 4689
3041 14 4098 4483
3046 10 3646
3055 42 3650 3812 3903 3937 3967
3056 34 3958
3057 36 3969 4071 4124 4261 4266 4587 4600 4706 4709
3059 34 3748 3854 4124 4256
3072 24 4712
3073 33 3726 3892 3969 4043 4706 4796 4820 4827
3084 52 3680 3720 3752 3807 3847 3892 3903 4735
3086 7 4191 4338
3087 7 3748
3088 24 4432
3090 10 4201 4341 4717
3092 52 3726 3796 3910 4037 4099 4099 4124 4315 4400 4448 4534 4587 4712 4715 4781 4962
3094 5 4600
3103 3 4485
3106 5 4709
3107 10 3660 4365
3108 8 4485
3109 4 4040 4400
3110 19 3635 3800 3897 3903 4587
3115 1 4037
3127 12 3701 3903
3137 5 4578
3140 1 4011
3142 41 3681 4432 4940 4964
3144 66 3650 3660 3661 3680 3812 3926 4040 4212 4261 4531 4578
3145 17 3958 4263 4297 4299 4735
3147 6 4055
3148 18 3650 4055 4263 4266
3150 9 4098 4099 4099
3159 8 3748
3168 69 3631 3650 3720 3787 3806 3812 3843 3897 3937 3956 3958 4013 4021 4103 4110 4179 4290 4365 4384 4424 4463 4510 4613 4666 4666 4811 4820
3172 13 3664 3903 4645 4964
3173 6 4191 4256
3175 34 3847 3892 3903 3926 3937 3970 4021 4653 4666 4827
3176 5 3796
3180 23 3670 3812
3181 3 4600
3185 3 4124
3188 8 3871 4234 4256 4424
3189 9 4384
3190 4 4276
3191 55 3691 3897 3910 4099 4191 4219 4247 4315 4400 4530 4587 4600 4712 4824 4846 4964 4977
3192 39 3650 3748 4124 4179 4256 4600
3196 19 3650 3804 3937
3197 4 3717 4021
3199 13 3926
3202 6 4373
3208 7 3871 4600
3209 32 3691 3976 4124 4315 4338 4482 4587 4792 4824
3210 6 4037 4037 4037 4792
3225 13 4103 4256
3227 20 4191 4261 4536 4536
3238 22 4071 4712 4824
3242 4 3809
3249 3 4247 4263
3252 33 3650 3903 4055
3256 20 3650 3717 4011 4011 4953
3258 69 3643 3660 3806 3807 3812 3847 3903 3967 4011 4013 4037 4055 4191 4233 4338 4424 4453 4463 4510 4531
3262 8 3807
3269 3 4037 4037
3274 60 3635 3956 3962 4037 4065 4099 4099 4266 4448 4483 4485 4547 4574 4578 4717 4717 4719 4791 4828 4899
3275 10 3892
3276 60 3650 3661 3681 3967 4011 4021 4055 4162 4191 4191 4233 4256 4269 4289 4290 4323 4613 4661 4820
3284 7 3970 4557
3290 29 3650 4040 4212 4531 4587 4824
3291 56 3787 3807 3970 4011 4013 4162 4365 4424 4531 4578 4712 4713 4735 4786
3292 8 3631 3956 4201
3297 39 4071 4384 4401 4940
3301 15 3680 3847 3871 3887 3892
3304 31 3646
3305 2 4796
3306 2 3645
3310 18 4875
3313 5 3720 3816
3315 13 4191 4587 4613
3317 15 3661 3800
3320 2 3946
3321 16 3691 4124 4191 4600 4964
3326 12 4162 4662 4735 4827
3333 14 3681
3334 11 3645 3812 4191 4290 4299
3345 36 4175 4709 4964
3346 4 4735
3348 16 4037 4037
3350 55 3635 3660 3748 3812 3843 3897 3903 3956 3958 4044 4261 4299 4448 4485 4510 4528 4587 4653 4662 4706 4827 4846 4962
3352 165 3635 3645 3650 3660 3661 3664 3670 3691 3800 3812 3843 3843 3847 3892 3897 3903 3910 3970 3976 4013 4040 4043 4055 4058 4110 4124 4162 4179 4191 4234 4256 4263 4266 4269 4289 4299 4315 4335 4384 4400 4417 4422 4448 4482 4485 4510 4528 4547 4587 4613 4712 4719 4735 4824 4827 4929 4962
3354 5 4791 4796
3366 31 3937 4124 4175 4310 4335 4365 4448 4574 4712
3367 3 4263
3373 12 4162 4179 4191 4263 4269 4323
3374 3 4534
3375 36 3645 3680 3898 3903 4299 4528 4536 4977
3378 37 3635 3720 3854 4055 4099 4162 4179 4463 4510 4600 4735 4781 4846
3380 33 4795
3381 177 3631 3634 3726 3792 3803 3873 3969 4488 4536 4666 4709 4713 4764 4884 4944 4980
3386 11 3892
3388 11 3645 4179 4510
3390 47 3748 3796 3854 3910 3958 4124 4338 4530 4653 4706 4827 4899 4964
3392 26 3650 3800 3892 3910 3970
3393 10 3752 4335
3394 121 3634 3635 3645 3650 3660 3800 3812 3813 3898 3903 3926 3958 4011 4011 4021 4124 4189 4191 4191 4256 4289 4290 4297 4297 4299 4315 4400 4402 4424 4528 4536 4578 4719 4735 4811
3399 3 4181
3402 88 3645 3720 3724 3748 3843 3910 3946 3958 3962 4037 4261 4299 4349 4400 4463 4547 4600 4719 4792 4796 4808 4820 4827 4953
3404 73 3643 3650 3680 3792 3897 3903 3910 4041 4289 4310 4448 4482 4527 4712 4884 4940
3406 4 4587
3409 1 3752
3417 31 3871 3910 4037 4181 4310 4448
3433 8 4212 4661 4962
3435 3 4510
3439 69 3631 3650 3670 3885 4011 4124 4269 4365 4510 4531 4536 4712
3443 13 3720 3724 3813 4531
3445 15 4011 4247 4335 4422 4712 4712
3447 214 3635 3664 3752 3796 3843 3897 3898 3910 3958 3958 4011 4037 4037 4040 4041 4044 4065 4099 4099 4124 4127 4191 4191 4212 4261 4266 4310 4335 4335 4355 4400 4448 4483 4530 4547 4551 4574 4587 4653 4654 4661 4662 4666 4666 4666 4687 4712 4715 4717 4717 4735 4792 4795 4795 4796 4814 4815 4827 4828 4846 4879 4953 4962 4964 4964 4977
3448 3 4578
3449 306 3635 3643 3645 3664 3726 3748 3792 3796 3806 3812 3813 3835 3843 3854 3873 3897 3897 3898 3910 3958 3958 4011 4040 4041 4044 4072 4099 4103 4124 4127 4175 4189 4212 4247 4261 4297 4299 4310 4315 4335 4335 4338 4400 4422 4448 4453 4463 4466 4482 4483 4485 4527 4528 4530 4531 4534 4547 4551 4574 4587 4600 4613 4631 4646 4653 4661 4662 4666 4666 4687 4706 4712 4712 4715 4717 4719 4735 4776 4777 4781 4792 4795 4796 4797 4798 4808 4811 4814 4820 4824 4827 4828 4828 4846 4875 4929 4938 4953 4962 4964 4980
3450 27 3645 3812 3956 3958 3976 4011 4072 4528 4531 4578 4613 4646
3451 49 3635 3645 3660 3956 3958 4040 4043 4055 4103 4162 4179 4191 4201 4212 4234 4263 4269 4289 4422 4661 4662 4735 4796 4808 4827
3452 91 3635 3643 3748 3796 3812 3813 3854 3910 3958 4040 4099 4124 4179 4212 4266 4297 4310 4400 4424 4527 4534 4551 4600 4653 4661 4706 4712 4719 4792 4827 4929 4938 4964
3453 241 3635 3643 3691 3748 3796 3806 3812 3813 3843 3854 3897 3898 3910 3956 3958 3958 4011 4037 4037 4040 4041 4044 4065 4072 4098 4099 4099 4103 4124 4191 4212 4261 4266 4297 4299 4310 4315 4335 4335 4338 4355 4400 4417 4448 4463 4482 4485 4488 4528 4531 4547 4551 4574 4578 4587 4600 4613 4653 4661 4662 4706 4709 4712 4712 4717 4717 4719 4728 4735 4748 4792 4795 4796 4808 4814 4824 4827 4828 4899 4929 4938 4962 4964 4980 4981
3454 124 3635 3645 3660 3680 3806 3843 3854 3898 3922 3926 3937 3956 3958 3976 4011 4013 4040 4043 4044 4049 4072 4103 4124 4162 4179 4188 4191 4212 4261 4263 4269 4289 4290 4297 4299 4311 4331 4335 4412 4463 4485 4510 4528 4531 4551 4557 4578 4613 4662 4666 4719 4796 4808 4811 4814 4822 4875 4938
3455 59 3643 3748 3843 3898 3911 3958 4044 4072 4124 4212 4297 4547 4551 4588 4661 4666 4792 4797 4820 4828 4938 4942 4953 4962
3456 250 3635 3645 3660 3661 3664 3691 3748 3792 3796 3806 3812 3843 3873 3897 3897 3910 3958 4011 4041 4044 4047 4072 4099 4124 4138 4191 4256 4263 4269 4289 4290 4297 4299 4310 4338 4351 4361 4384 4400 4402 4417 4422 4424 4448 4453 4463 4483 4485 4510 4531 4536 4557 4574 4578 4587 4588 4600 4613 4653 4706 4709 4712 4715 4719 4735 4792 4795 4798 4827 4828 4828 4899 4929 4938 4962 4964 4980
3457 97 3634 3650 3661 3680 3726 3812 3843 3871 3887 3892 3970 4124 4290 4315 4417 4422 4706 4719 4781 4827 4828 4938
3458 61 3634 3843 3847 3873 3887 3892 3897 3903 4041 4055 4162 4179 4338 4483 4547 4551 4795 4828
3459 73 3643 3830 3897 3897 3898 3910 4041 4099 4310 4355 4400 4448 4574 4600 4653 4712 4712 4764 4875 4929
3460 17 3830 4463 4662 4791
3461 49 3755 3796 3898 3956 4011 4037 4040 4044 4055 4072 4266 4269 4297 4529 4578 4587 4613 4677 4795 4811 4828 4875
3462 36 3956 3958 4011 4040 4044 4072 4124 4189 4212 4266 4338 4510 4613 4796 4811 4962
3463 54 3635 3664 3748 3806 3812 3958 4011 4040 4072 4212 4261 4266 4466 4485 4510 4528 4531 4551 4578 4613 4662 4706 4719 4735 4796 4808 4811 4814 4820 4827
3466 12 3680 3969 4037
3469 21 4201 4485 4827
3470 21 3670
3471 2 4037
3472 9 3635 4534
3477 45 3646 3650 3681 3800 3812 3843 3847 3937 3970 4021
3478 42 3873 3958 4138 4179 4289 4338 4527 4781 4797 4828
3479 83 3631 3661 3691 3748 3843 3958 4013 4040 4041 4065 4263 4269 4289 4299 4335 4365 4422 4483 4485 4574 4600 4661 4662 4814 4827 4828 4929 4938
3480 12 3650 4201 4735
3481 11 3807
3483 16 3634 3897
3488 14 3892 3967 4055 4365
3496 7 4485 4531
3498 96 3631 3796 3897 3910 3969 4037 4037 4040 4099 4099 4335 4335 4534 4587 4600 4653 4666 4712 4735 4846 4899 4953
3508 7 3680
3518 5 3720
3519 49 3661 3796 3800 3892 4191 4247 4263 4400 4448 4587 4600
3521 23 3969 4384 4453 4482 4485
3522 53 3650 3691 3806 3910 4044 4124 4510 4551 4661 4824 4875
3523 15 3807
3525 13 3680 3807
3526 6 3887
3527 47 3631 3650 3803 3812 3887 3892 3903 3926 3937 3946 3967
3528 7 3804
3540 2 3717
3541 62 3645 3650 3680 3807 3812 3847 3871 3892 3903 3926 3937 4011 4021 4055 4110 4162 4179 4191 4256 4417 4424 4578
3542 4 4011
3544 3 3937
3553 5 3670
3554 3 4373
3555 11 3892
3556 11 3680 3807 3892
3557 7 3645 3871
3560 12 3843 4299 4402 4463 4485
3562 38 3650 3800 3807 3892 3970 4021 4124 4191 4256
3563 3 4341
3567 17 3670 3680 3717 4043 4335 4929
3568 128 3635 3645 3660 3661 3720 3787 3796 3800 3812 3813 3843 3897 3897 3910 3970 4011 4013 4021 4040 4043 4055 4072 4088 4098 4103 4110 4124 4138 4162 4179 4191 4191 4191 4201 4233 4256 4261 4263 4269 4289 4297 4299 4323 4335 4335 4373 4417 4448 4483 4530 4536 4547 4551 4578 4653 4662 4706 4712 4735 4811
3571 39 3634 3643 3897 3926 4289 4310 4335 4463
3576 5 3970
3586 135 3634 3873 3897 3962 4037 4037 4065 4099 4310 4401 4435 4483 4632 4687 4709 4712 4748 4795 4828 4981
3589 5 3681
3591 12 3645 4299 4578
3593 26 3726 3803 4037 4037 4247 4884
3600 6 3650
3601 41 3645 3748 3897 3958 4138 4191 4297 4310 4400 4530 4578 4797 4820 4977
3603 10 3803 4044 4792
3607 24 4037 4037 4781
3611 19 3680 3847
3614 187 3634 3643 3691 3796 3843 3854 3897 3898 3910 3958 3958 4013 4037 4037 4055 4065 4110 4124 4162 4191 4191 4233 4256 4290 4297 4310 4315 4335 4338 4400 4422 4448 4482 4483 4510 4527 4530 4534 4551 4574 4587 4600 4653 4666 4712 4715 4781 4792 4824 4828 4846 4929 4938 4953 4962
3615 113 3635 3645 3650 3660 3664 3691 3796 3803 3804 3806 3807 3812 3843 3847 3903 3910 3926 3937 3956 3969 3970 4013 4043 4044 4055 4124 4179 4233 4256 4263 4290 4299 4349 4365 4384 4417 4422 4463 4485 4531 4547 4578 4587 4666 4798
3622 22 3650 3892 3903
3624 49 3660 3800 3892 4021 4043 4162 4191 4290 4299 4422 4448 4485 4528 4587
3625 4 4013 4201
3630 30 3650 3660 3661 3812 3898 4021 4299 4373 4510 4531
3631 70 3650 3660 3787 3812 3812 3813 3813 3910 3937 4011 4011 4024 4099 4099 4103 4103 4179 4181 4199 4233 4290 4297 4335 4349 4424 4510 4661 4846
3632 1 3650
3633 26 3650 3680 3800 3804 3807 3812 3871 3926 4162 4201
3634 57 3635 3643 3650 3897 3897 3976 4099 4099 4191 4212 4247 4335 4448 4574 4587 4781 4846 4964
3635 33 3650 3660 3787 3970 4013 4138 4201 4247 4256 4373 4384 4453
3636 11 3646 3650 3926 3937 4953
3637 4 3650 3910
3638 1 3650
3639 11 3650 4261 4662
3640 1 3650
3641 194 3631 3643 3643 3650 3724 3748 3792 3796 3800 3813 3854 3897 3897 3898 3946 3969 4021 4037 4044 4065 4099 4110 4124 4162 4179 4191 4247 4247 4269 4297 4298 4310 4335 4335 4400 4488 4547 4587 4600 4632 4653 4662 4687 4709 4713 4764 4781 4795 4811 4828 4884 4929 4962 4977
3642 291 3634 3643 3650 3792 3796 3807 3830 3842 3873 3897 3937 3969 4037 4037 4041 4065 4099 4175 4201 4247 4310 4338 4361 4483 4488 4527 4530 4534 4536 4574 4604 4689 4709 4712 4713 4715 4717 4748 4764 4781 4795 4797 4798 4828 4899 4980
3643 35 3634 3645 3650 3748 3796 3800 3956 3970 4041 4191 4191 4298 4310 4530 4578 4899
3645 34 3650 3720 3970 4021 4162 4179 4263 4299 4365 4417 4422 4463 4510 4528 4531
3646 9 3650 4021
3647 13 3650 3903 3926 3937
3648 3 3887
3655 7 4110
3656 4 4072
3658 38 3664 3796 4191 4448 4666 4781
3659 32 3660 3887 3892 4263 4289 4297 4417 4424
3660 67 3631 3645 3646 3720 3804 3806 3813 3813 3854 3967 4013 4037 4088 4110 4124 4138 4201 4234 4256 4297 4299 4365 4373 4384 4422 4463 4485 4510 4528 4531 4820 4938
3661 28 3631 3812 3903 3926 3937 4043 4289 4365
3665 13 4536
3666 125 3660 3661 3812 3812 3813 3897 3897 3910 3946 3958 3958 3976 3976 4011 4011 4037 4037 4055 4098 4099 4124 4179 4256 4266 4384 4422 4448 4530 4534 4536 4547 4600 4653 4661 4666 4666 4712 4811 4814 4828 4828 4899
3667 5 3971 4201
3673 5 4315 4547
3678 13 3680 3847 3871
3682 20 3800 3806 3847 3970 4162 4256
3683 7 4037 4037 4884
3686 3 3871
3691 70 3634 3792 3847 3885 3969 4011 4037 4044 4124 4201 4233 4234 4310 4335 4424 4448 4820 4944
3692 4 4338
3709 7 4037
3711 1 3713
3712 1 3713
3714 15 4043 4055 4058 4162 4179
3719 14 3645 4013 4021 4191 4290 4299
3724 69 3645 3660 3661 3787 3800 3926 3937 4013 4043 4055 4138 4162 4179 4201 4233 4247 4256 4263 4269 4289 4299 4349 4373 4384 4412 4422 4424 4463 4485 4510
3725 3 4528
3728 71 3720 3724 3843 3887 3946 3976 4099 4110 4175 4201 4261 4289 4335 4335 4349 4400 4417 4463 4587 4600 4709 4712 4719 4735 4808 4875 4875
3729 12 4191 4191 4811
3731 12 3803 3804 3807 4453 4480
3742 1 3976
3743 8 4297 4796 4962
3748 26 3796 3812 3854 4072 4124 4256 4261 4299 4653
3751 10 4310
3752 15 3962 4179
3754 6 3800
3762 8 3912 4323 4453
3767 3 4384
3770 9 3800
3771 2 3643
3774 1 3776
3775 10 3720 3776 3970
3777 7 3646 4373 4413 4417 4424
3780 3 3887 4110
3782 2 4256
3785 15 4179 4189 4199 4666
3786 72 3631 3897 3910 3958 4013 4098 4191 4310 4335 4530 4536 4536 4574 4712 4797 4964
3787 233 3631 3724 3748 3796 3813 3885 3897 3910 3958 3976 4011 4037 4037 4037 4040 4055 4099 4103 4124 4191 4191 4247 4263 4266 4290 4315 4335 4349 4361 4365 4384 4400 4483 4530 4536 4536 4551 4578 4613 4661 4666 4666 4712 4713 4715 4735 4776 4796 4797 4808 4811 4814 4820 4827 4828 4846 4875 4942 4953 4962 4980
3788 2 4574
3792 19 4578 4717 4938
3794 44 3748 3796 3797 3854 4189 4191 4247 4297 4335 4335 4338 4653 4938 4953
3796 107 3635 3664 3691 3724 3748 3813 3843 3854 3976 4040 4099 4124 4191 4212 4261 4266 4297 4335 4335 4482 4528 4531 4534 4547 4574 4578 4587 4613 4653 4661 4666 4719 4735 4792 4796 4814 4824 4827 4899
3798 18 3969 4485
3799 6 3892 3903
3801 1 3803
3802 5 3892 3937
3803 8 3748 4212 4551 4792 4962
3804 4 4021 4201
3805 1 3807
3806 31 3643 3807 4138 4191 4263 4290 4299 4417 4463 4964
3812 32 3976 4011 4043 4072 4448 4578 4587 4600 4735
3813 72 3645 3660 3661 3724 3873 3962 4055 4162 4179 4256 4263 4269 4335 4384 4424 4463 4534 4536 4536 4797 4964
3814 24 3800 3843 3967 4043 4055 4162 4269 4299
3815 14 3717 3812 3922 4021
3819 9 3631 3787 4013 4181 4233 4235
3827 2 4110
3830 18 4191 4735 4796
3833 1 3892
3835 26 3970 4037 4040 4588 4661 4706 4712 4796 4797 4808 4814 4827 4962
3842 12 3812 3926 3937 3970
3843 7 3847 4335 4448 4792
3844 1 3847
3845 7 3847 4011 4315 4712 4824
3848 1 3849
3851 2 4138
3854 79 3643 3748 3796 3813 3958 4040 4099 4124 4191 4199 4256 4297 4335 4485 4510 4530 4547 4578 4653 4706 4814 4827 4828 4846 4884
3855 6 4011 4335
3865 2 4138
3869 5 3871 4600
3870 2 3871 3888
3872 10 4162 4179
3873 3 4712
3876 3 4645
3877 10 3643 3643 3792 4266
3885 2 3887
3886 1 3887
3888 1 3892
3889 1 3892
3890 3 3892 4110
3891 1 3892
3897 7 3898 4335 4485 4551 4792
3900 3 3903
3901 1 3903
3902 16 3635 3903 3956 4011 4212 4261 4613 4662 4666
3911 2 3643
3912 15 3787 3937 4247 4263 4269 4323
3916 25 3796 4041 4099 4099 4335 4653 4709 4899
3917 23 3645 3787 3806 4263 4422 4485 4687 4706 4735
3918 4 4335
3919 14 4315 4547 4587 4687 4717 4795
3920 6 3787
3922 5 4661
3925 6 3634 3897
3929 2 4875
3930 5 4719 4875
3932 4 4055
3935 1 3937
3936 1 3937
3945 2 3946 4266
3948 10 3812 3970 4110 4233 4263 4297
3949 26 3800 3812 3843 3967 3970 3980 4011 4021 4043 4055 4058 4162 4179
3955 2 4233
3956 55 3645 3976 4011 4011 4044 4072 4098 4124 4261 4310 4335 4365 4384 4463 4528 4531 4578 4814
3958 16 3897 3897 4072 4099 4269 4485 4531 4689
3960 11 3806 4453
3961 16 3800 3970 4011 4021 4024 4103 4110
3965 79 3645 3752 3969 3976 4065 4071 4269 4299 4578 4687 4827 4875
3966 1 3967
3968 1 3970
3969 58 3635 3661 3854 3897 3910 3970 4040 4191 4261 4266 4485 4587 4662 4706 4712 4719 4792 4796 4875 4875 4940 4962
3971 4 3661
3973 20 4055 4138 4162 4179 4191 4201 4256 4263 4269 4289 4290
3976 43 3792 3796 3830 4040 4124 4127 4212 4338 4547 4712 4811 4875
3977 13 3645 3720 3800 4191 4256 4578
3978 2 3800
3979 3 3800 4011
3982 17 3910 4037 4099
3983 4 4534
3984 2 4037
3985 26 3631 3634 3635 3830 4021 4037 4037 4261 4578 4781
3991 4 4666
3992 2 4463
3995 53 3634 3796 3897 3897 4041 4098 4099 4310 4335 4448 4482 4547 4574 4587 4653 4712 4715 4824 4828 4846 4899 4964 4964
3998 2 3664
4000 4 3843
4001 27 3660 3976 4021 4037 4040 4127 4191 4219 4220 4261 4365 4536 4662 4719 4811
4007 9 4043 4269
4008 7 4448
4009 2 3631
4010 1 4011
4013 4 4712
4019 2 4021 4024
4020 6 4021 4256 4263
4023 2 3720 4024
4024 2 3898
4027 2 4162 4179
4034 3 3717 3843 4043
4035 1 3717
4036 139 3631 3720 3796 3873 3885 3958 3969 4037 4037 4099 4162 4175 4338 4341 4488 4530 4574 4600 4653 4712 4712 4792 4797 4808 4929 4938 4953 4962 4981
4037 7 4256
4038 1 4043
4039 9 4043 4055 4110 4162
4040 71 3635 3643 3748 3796 3812 3910 3976 4011 4043 4266 4400 4531 4578 4706 4776 4811 4814 4827 4981
4041 54 3634 3643 3691 3796 3897 4043 4099 4124 4266 4530 4653 4687 4712 4715 4719 4792 4795 4827 4899 4938 4964
4042 21 3631 3787 4013 4043 4055 4162 4179 4201 4233 4247
4044 53 3724 3843 3854 3898 3898 3976 4011 4040 4191 4261 4266 4297 4335 4485 4531 4551 4551 4578 4613 4719 4728 4796 4875 4938 4962
4045 244 3635 3643 3645 3664 3726 3748 3796 3803 3812 3843 3854 3873 3897 3898 3919 3956 3958 4037 4040 4041 4072 4099 4103 4124 4175 4212 4261 4266 4297 4299 4310 4315 4338 4417 4463 4485 4510 4527 4528 4534 4536 4547 4551 4574 4578 4613 4661 4666 4666 4687 4689 4706 4712 4715 4717 4719 4748 4781 4792 4795 4796 4798 4808 4814 4827 4828 4899 4938 4944 4953
4046 40 3748 4037 4040 4103 4212 4666 4706
4050 1 4051
4051 1 4510
4056 20 4055 4110 4162 4234 4424 4453 4463 4808 4820
4062 4 4578
4063 26 3645 4072 4191 4299 4310 4335 4689 4735
4065 104 3634 3645 3661 3724 3792 3830 3843 3854 3873 3898 3956 3958 4011 4055 4072 4162 4179 4201 4263 4269 4290 4299 4365 4417 4422 4424 4463 4485 4510 4531 4551 4578 4604 4613 4666 4713 4792 4938 4962
4066 5 4480
4068 6 4323 4448 4528
4070 56 3691 3796 4044 4297 4299 4338 4400 4422 4424 4448 4463 4482 4534 4547 4587 4899
4071 15 3910 4483
4072 21 3643 3812 3898 4191 4335 4578 4735 4820 4938
4073 90 3634 3643 3643 3645 3724 3796 3854 3897 4041 4068 4099 4099 4124 4189 4191 4191 4191 4199 4256 4266 4297 4298 4310 4315 4323 4400 4448 4530 4547 4551 4735 4824 4828 4929 4964
4074 33 3645 3660 3661 3664 4011 4138 4191 4199 4297 4323 4384 4402 4417 4424 4547
4076 52 3748 3787 4013 4103 4179 4201 4212 4233 4256 4263 4266 4269 4290 4662 4719 4796 4811 4814 4828
4077 63 3635 3645 3812 3813 3897 3910 4044 4191 4247 4266 4400 4448 4528 4547 4613 4712 4735 4929 4964 4977
4078 2 4078
4079 1 4055
4080 1 3720
4082 15 3897
4093 1 4235
4098 7 3897 4201 4266 4269 4485
4099 101 3634 3635 3643 3796 3830 3843 3897 3897 3910 3958 4041 4335 4361 4483 4530 4547 4662 4715 4728 4781 4828 4828 4846 4875 4884 4899
4103 1 4798
4104 2 4110
4105 1 4110
4106 1 4110
4107 1 4110
4111 10 3645 4111 4256 4263 4269 4290 4422 4424
4116 8 4796
4119 5 4706
4123 23 3631 4013 4072 4179 4247 4256 4263 4269 4323 4578 4735
4124 27 3660 3724 4247 4290 4365
4125 2 4055
4127 42 3631 3724 3787 3812 3976 4011 4040 4044 4191 4256 4298 4402 4424 4463 4528 4531 4578 4811 4938
4128 9 4237 4256
4133 2 3956
4136 27 3631 3787 3813 3976 4013 4138 4201 4216 4233 4247 4256 4263 4269 4290 4323
4137 6 4256 4323 4402
4138 59 3645 3958 4013 4191 4191 4234 4256 4289 4290 4299 4335 4417 4422 4424 4453 4463 4485 4530 4600 4653 4666 4797 4929 4964
4141 5 4299
4142 30 3635 3645 3660 3661 4256 4289 4290 4299 4359 4422 4424 4735
4144 38 3812 4065 4179 4191 4256 4289
4147 2 4463
4148 4 4349
4150 13 3748 3835 4191 4531 4875
4151 79 3643 3645 3660 3664 3796 3843 3897 4011 4040 4072 4124 4234 4247 4400 4422 4463 4531 4578 4587 4600 4613 4662 4666 4712 4827
4152 34 3660 3724 3806 3843 4011 4044 4233 4266 4297 4335 4485 4531 4613 4666
4159 2 4220
4162 15 4263 4269 4289 4290 4709 4981
4163 2 4055 4162
4164 3 4162 4341
4165 1 4055
4166 1 4055
4167 1 4168
4174 1 4179
4175 7 4179 4712
4176 1 4179
4177 1 4179
4178 1 4179
4180 1 4181
4186 7 4191 4191 4827
4187 8 4037 4531
4189 9 3643 3643 4298 4315
4191 14 4138 4400 4531
4194 1 4485
4198 1 3898
4199 5 3787 4233 4247 4463
4200 4 4040 4201
4202 1 4201
4203 1 4201
4204 2 4201
4205 2 4201 4297
4206 1 4201
4208 1 4247
4211 39 3635 3661 3796 3813 4040 4191 4212 4234 4261 4297 4335 4417 4661 4662 4706 4719 4735 4796 4827
4212 30 4040 4103 4124 4191 4191 4191 4448 4483 4547 4551 4587 4798
4213 2 4365
4214 8 3645 4138 4234 4422 4424
4219 101 3635 3643 3691 3748 3813 3843 3897 3898 3956 3958 3976 4011 4037 4040 4044 4103 4124 4189 4212 4261 4266 4297 4335 4400 4401 4528 4547 4578 4600 4613 4661 4662 4706 4717 4719 4728 4735 4776 4792 4796 4808 4811 4814 4820 4827 4828 4828 4962 4964
4220 3 3976
4221 41 3796 4037 4099 4134 4323 4483 4536 4547 4653 4828 4977
4222 28 3635 3806 3812 3962 4199 4335 4463 4510 4528 4536 4578 4666
4223 5 4138
4224 5 3635 4040 4266
4228 3 4138 4231
4229 4 4263 4269
4232 2 4233 4485
4238 1 3631
4240 2 4247 4247
4241 1 4247
4242 1 4247
4252 5 4040 4124 4299
4255 9 3854 4138 4263 4266 4297 4962
4259 1 4263
4260 1 4263
4261 23 4040 4072 4212 4263 4266 4531 4661 4662 4709 4719 4796 4811
4266 11 3660 4040 4269 4687 4735
4267 1 4269
4269 3 4335 4661
4273 19 4256 4299 4349 4373 4384 4578 4613 4709
4275 4 3748
4276 47 3643 3664 3796 3910 3958 4041 4247 4338 4400 4527 4547 4600 4929
4282 5 4037 4256 4335 4796
4283 1 4256
4284 1 4256
4285 2 4256 4962
4290 2 4531
4291 4 4037 4037 4290
4292 4 4290
4295 16 3645 3796 3813 4189 4297 4299 4536 4828
4296 1 4299
4297 32 3645 3691 3898 4191 4299 4315 4400 4528 4712 4717 4735
4298 10 3643 3643 4189 4191 4261 4299 4827
4307 2 4349
4310 225 3634 3643 3752 3796 3897 3976 4037 4037 4041 4071 4099 4247 4315 4338 4341 4400 4448 4483 4527 4530 4534 4536 4574 4587 4600 4632 4653 4666 4666 4709 4712 4715 4717 4748 4781 4824 4828 4846 4899 4929 4980 4981
4312 5 3645 4578 4728
4315 19 3645 3660 3748 4189 4297 4297 4373 4735
4316 8 3843 4011 4191 4335
4317 3 4402
4320 2 4417
4322 1 4402
4324 8 3660 4384 4402
4325 2 4424
4327 2 4528
4329 9 3724 4219 4463 4666 4828
4331 2 3634
4333 2 4191 4191
4334 1 4191
4335 28 3813 4191 4448 4485 4529 4578 4645 4653 4735 4846 4981
4336 1 4191
4337 1 4191
4338 11 4037 4600 4709
4340 1 4349
4341 1 4349
4342 8 3898 4037 4212 4365
4343 4 4349
4344 2 4349 4373
4347 33 3806 3962 4037 4435 4613
4351 4 3724 4510 4531
4353 69 3634 3897 3897 3910 4037 4071 4099 4099 4310 4335 4338 4400 4448 4587 4600 4713 4828 4846
4355 40 3634 3661 3796 3843 3897 3910 4400 4448 4483 4530 4531 4600 4653 4748 4953
4357 1 3661
4360 1 4365
4361 2 4666
4362 1 4365
4363 13 3796 3806 4365 4453 4463 4666
4364 14 4400 4432
4366 2 4687
4368 1 4373
4369 2 4373 4632
4370 1 4373
4371 4 4219
4375 3 3660 4099 4384
4377 11 3958 4044 4384 4661 4719 4875
4378 1 4384
4379 5 4384 4661
4380 1 4384
4381 1 4384
4382 1 4384
4383 3 4401
4393 1 4402
4394 1 4402
4395 1 4402
4396 1 4402
4397 1 4402
4398 8 4040 4400 4401 4402
4400 2 4040
4409 6 4175
4412 2 4417
4414 1 4417
4415 15 3748 4037 4220 4335 4417 4706 4820
4416 5 4037 4338 4417
4422 7 3645
4426 5 4613 4666 4828
4428 12 4037 4044 4124 4297 4938
4429 9 3812 3854 4335 4485 4531 4661
4430 4 3958
4431 4 4261
4432 8 3796
4433 17 3812 3956 4011 4072 4261 4531 4661 4662
4434 2 4827
4436 2 3958
4437 33 3635 4261 4666 4719 4875
4438 4 4040 4400
4440 5 3956 3958 4613
4441 186 3634 3635 3664 3691 3752 3813 3843 3897 3898 3956 3958 3958 4011 4099 4124 4219 4297 4310 4315 4341 4400 4401 4435 4448 4482 4483 4547 4551 4574 4613 4687 4689 4712 4715 4717 4719 4735 4798 4814 4827 4828 4828 4938 4953 4962 4980 4981
4442 15 4266 4297 4600 4706 4717
4446 2 4661
4448 32 3664 3812 3910 4127 4355 4400 4529 4531 4547 4578 4587 4717 4828
4449 1 4453
4450 1 4453
4451 6 4510
4454 1 3645
4455 16 3645 4037 4044 4297 4536 4578
4456 3 3645
4457 1 3645
4458 2 4220 4463
4459 4 3748 4463
4460 1 4463
4461 1 4463
4462 1 4463
4464 1 4422
4465 2 4422
4467 1 4234
4468 8 4011 4234 4448 4977
4470 1 4471
4471 3 3664 4712 4712
4473 1 4480
4474 2 4480
4475 1 4480
4477 1 4261
4482 6 4037 4485 4587 4712
4483 137 3691 3796 3962 4037 4071 4099 4099 4110 4191 4310 4485 4547 4587 4653 4712 4715 4748 4795 4797 4828 4929 4940
4485 11 3635 4040 4335 4661 4712 4792 4876
4486 9 4587 4796
4487 6 4551 4587
4488 35 4099 4310 4400 4530 4808
4489 11 4037 4661 4828
4492 2 3806 4510
4500 2 4199
4502 2 3664
4507 2 3806
4508 1 3806
4509 11 3806 4297
4511 9 3724 4103 4212 4266 4661 4719 4808
4524 7 4335
4526 2 3843 4528
4527 6 4748
4530 6 3897 4531
4531 8 4531 4578 4735
4533 1 4531
4534 16 3796 4040 4191 4531 4712 4796
4535 5 3812 4531 4578
4536 58 3643 3813 3854 3898 3922 4191 4191 4219 4297 4335 4338 4530 4531 4578 4653 4666 4792 4899 4953 4962 4964
4538 1 3812
4540 1 4541
4542 2 3897
4547 41 3796 3854 3956 3958 4044 4072 4189 4298 4557 4613 4648 4666 4735 4792 4938 4946 4953 4962
4550 81 3897 3910 4037 4099 4191 4247 4335 4355 4400 4448 4530 4600 4653 4666 4712 4846 4929 4964
4553 2 4557
4554 1 4557
4557 15 3643 4041 4310 4338 4527
4560 2 4661 4828
4563 11 3843 3898 4828
4564 30 3643 3796 3898 3956 4072 4191 4297 4315 4335 4335 4448 4578 4613 4735 4811 4929
4565 2 4578
4566 2 4400
4574 37 3748 3897 3919 4037 4037 4037 4103 4191 4578 4781 4811 4846
4575 2 4578 4735
4576 8 3897 4448 4530 4536 4578 4977
4577 2 4072 4578
4581 3 4297
4582 4 4728
4586 5 4072 4335 4335
4587 25 3634 3748 3873 4072 4212 4261 4448 4483 4662 4792 4828 4953
4588 9 3958 4072 4261 4266 4661 4719
4591 2 3910 4712
4592 3 4808
4598 34 3885 3956 4011 4099 4401 4536 4875 4875
4599 1 3956
4600 15 4041 4400 4781 4792 4846
4603 1 4605
4604 3 4712
4607 1 3958
4612 1 4613
4619 1 4620
4625 3 3796
4626 5 3796
4630 2 3976
4632 202 3643 3752 3770 3796 3843 3873 3885 3910 3958 4011 4040 4041 4099 4103 4124 4212 4261 4297 4310 4315 4338 4361 4435 4482 4483 4534 4574 4653 4666 4666 4715 4792 4798 4808 4814 4828 4846 4940 4964 4980
4633 11 3748 4011 4044 4103 4212 4261 4666 4706 4814
4635 1 4220
4638 1 4639
4639 1 4639
4645 1 4646
4652 4 4653
4653 80 3664 3691 3796 3897 3910 4041 4098 4315 4335 4335 4355 4400 4448 4482 4530 4536 4547 4574 4587 4600 4625 4632 4645 4661 4748 4795 4866 4964 4964
4661 19 3635 3796 4261 4335 4547 4662 4719
4662 44 3631 3796 4037 4044 4099 4361 4536 4666 4666 4797 4820 4953 4962
4663 6 3748 4335 4661
4664 5 4706 4712 4735
4665 8 3748 4814
4666 23 3958 4037 4247 4687
4667 1 4666
4668 1 4666
4669 9 3796 4037 4666 4666 4666
4670 1 4666
4671 6 4625 4666
4672 1 4875
4673 68 3634 3842 3897 3919 4099 4483 4587 4604 4687 4689 4712 4715 4717 4748 4795 4798 4980
4675 1 4735
4681 10 3748 4792 4962
4682 14 3635 3854 3898 4261 4298 4551 4661 4953
4686 40 3664 3691 3885 3897 3897 3976 4037 4338 4534 4587 4653 4661 4717 4717 4964
4687 19 4266 4335 4661 4706 4824
4688 59 3635 3643 3748 3843 3854 3898 4037 4040 4044 4103 4189 4212 4261 4266 4335 4551 4661 4662 4706 4719 4735 4776 4792 4796 4808 4811 4814 4820 4827 4938 4942 4953 4962
4689 1 4661
4692 1 4261
4693 2 4261
4694 1 4261
4695 1 4261
4696 1 4261
4697 1 4261
4698 1 4261
4699 1 4261
4700 1 4261
4701 1 4261
4702 1 4261
4703 1 4261
4704 1 4261
4705 3 4261 4728
4706 3 4261 4266 4792
4707 1 4261
4708 1 4261
4709 24 3796 4071 4261 4338 4981
4710 7 3910 4261 4706 4735 4824
4711 1 4261
4712 91 3635 3643 3726 3873 3885 3897 3910 4037 4175 4247 4310 4335 4361 4483 4534 4574 4717 4735 4795 4828 4846
4714 3 4719
4715 8 4341 4400 4719 4964
4716 1 4719
4717 57 3796 3842 4099 4310 4448 4483 4536 4587 4666 4712 4712 4719 4748 4764 4798 4814 4828 4899
4718 31 3691 3796 3910 4041 4175 4315 4482 4653 4719 4964
4723 1 3635
4725 33 3664 3813 3843 3898 4040 4044 4103 4547 4551 4796 4808 4875
4726 12 3910 4219 4315 4448 4587 4728 4820 4824
4727 1 4728
4733 4 4335 4735
4736 1 4735
4737 2 3830 4735
4738 1 4735
4739 11 4335 4600 4706 4735
4740 1 4735
4741 3 4735 4828
4743 1 4875
4746 7 3854 4124 4792
4748 19 3898 3910 4468 4527
4749 2 3748 4706
4750 3 3748
4751 4 3748
4752 1 3748
4753 1 3748
4755 1 4266
4756 32 3691 3958 3976 4037 4266 4335 4588 4653 4776 4796 4942 4964
4757 6 4040 4266 4808 4811 4814
4764 52 3631 3796 3873 4037 4488 4536 4547 4712 4717 4875
4773 1 4776
4774 12 4040 4103 4212 4776 4796 4808 4811 4814 4827
4781 28 3873 4335 4574
4782 2 4953
4785 1 4796
4786 3 4791 4796
4787 1 4796
4788 15 4551 4764 4796
4789 2 4796
4790 1 4796
4791 1 4796
4792 45 3796 3962 4400 4653 4666 4706 4792 4796 4981
4793 2 4796
4794 1 4796
4795 66 3634 3752 3796 3842 3897 3897 3922 4037 4401 4432 4653 4666 4929
4796 3 4534
4798 3 4103 4212
4799 1 4798
4800 1 4040
4801 1 4875
4803 1 4808
4804 1 4808
4805 2 4808 4814
4806 1 4808
4807 1 4808
4810 1 4811
4813 45 3842 3897 4099 4587 4632 4687 4689 4709 4713 4748 4795 4814 4846
4814 16 3854 3897 4189 4827 4938 4962
4818 15 4124 4219 4820 4938
4819 1 4820
4823 1 4706
4824 88 3958 4099 4310 4335 4338 4534 4574 4600 4653 4706 4781 4792 4795 4797 4828 4899 4929 4981
4825 2 4706
4826 1 4827
4827 2 4828 4828
4828 105 3752 3792 3796 3873 3976 4098 4099 4448 4482 4488 4530 4666 4666 4712 4712 4717 4748 4764 4795 4797 4944
4829 57 3691 3792 3910 3962 4124 4127 4315 4400 4448 4482 4587 4600 4712 4712 4824 4929
4832 4 4037 4361
4833 6 4037 4037 4124
4838 2 4600
4840 3 4600
4843 12 4247 4600
4844 2 4600
4846 24 3664 3691 4191 4335 4400 4448 4587 4600 4632 4653 4824 4828 4964
4849 2 4600
4850 3 4600
4851 2 4846
4854 2 4600
4859 29 3854 3898 4124 4191 4547 4551 4717 4792 4828 4953
4862 1 4276
4864 4 4587 4632
4867 1 4875
4868 1 4875
4869 1 4875
4870 1 4875
4871 1 4875
4872 1 4875
4879 20 3885 4341
4881 3 4530 4977
4882 5 4037 4037 4037
4884 4 4037
4891 3 4037
4893 5 4044
4894 34 3796 3873 4041 4044 4099 4191 4310 4448 4483 4600 4653 4828 4846 4964
4898 5 3854
4899 160 3634 3643 3664 3691 3796 3813 3842 3843 3897 3910 4041 4099 4124 4247 4297 4310 4315 4335 4335 4361 4400 4448 4482 4483 4534 4547 4574 4587 4600 4689 4717 4748 4781 4824 4828 4929 4980
4901 2 4962
4903 1 4037
4904 2 4037 4037
4905 2 4037 4037
4906 2 4037 4037
4908 1 4037
4909 2 4037
4910 2 4037 4687
4911 2 4037 4037
4912 1 4037
4913 1 4037
4914 1 4037
4915 5 4037
4916 1 4037
4917 1 4037
4918 1 4037
4919 2 4037 4037
4920 1 4037
4921 1 4037
4922 1 4037
4924 9 4037 4037
4925 1 4037
4926 5 3962 4037
4927 1 3976
4934 6 4335
4935 1 4335
4936 2 4335
4937 14 3854 3898 4124 4792 4938 4953
4938 13 4600 4938
4943 31 3726 3813 3962 4037 4037 4044 4124 4297 4938 4962
4944 3 3898 4044
4947 8 4124
4948 194 3664 3691 3752 3796 3813 3843 3897 3910 3976 4071 4124 4191 4297 4315 4338 4400 4401 4432 4435 4448 4482 4547 4587 4600 4653 4666 4792 4797 4824 4828 4929 4940 4964 4964 4980 4981
4952 3 4600 4938 4953
4957 1 4189
4960 8 4748 4962
4963 5 3854 3898 4938
4964 51 3631 3664 3796 3854 3910 4037 4037 4124 4297 4310 4448 4574 4604 4653 4715
4965 1 3854
4966 25 3854 4297 4536 4797
4967 317 3631 3634 3643 3664 3691 3792 3796 3803 3813 3830 3842 3843 3854 3873 3897 3897 3910 3958 4037 4041 4065 4099 4099 4124 4134 4175 4247 4297 4310 4315 4335 4338 4355 4400 4448 4482 4483 4488 4527 4530 4534 4536 4536 4547 4574 4587 4600 4604 4653 4666 4687 4689 4709 4712 4712 4713 4715 4717 4717 4748 4764 4781 4795 4798 4824 4828 4846 4899 4929 4944 4964 4980
4970 6 4482
4973 7 3843 3898 4124
4974 41 3796 3843 3897 4310 4315 4574 4587 4653 4828 4929
4976 20 3843 3898 3976 4041 4099 4191 4310 4482 4574 4587 4824 4828
4980 12 4099 4335 4777
4981 49 3752 3962 4037 4191 4335 4587 4604 4712
4982 27 3796 3813 3897 4099 4335 4536 4653 4654 4964
4983 4 4981
4985 1 3898
4986 1 3898
4988 22 4247 4310 4551
4992 4 4632
4993 3 4124 4297
4994 17 3634 4191
5000 1 4792
5001 1 4792
5002 116 3631 3634 3643 3796 3803 3842 3897 4037 4037 4041 4310 4315 4400 4448 4483 4536 4604 4632 4653 4709 4713 4792 4964 4966 4981
5006 16 3796 4124 4547 4964
5008 23 3813 4068 4191 4587
5009 14 4547 4899
5010 3 4037
5011 9 3796 4099 4191 4977
5012 6 4335
5013 6 4448 4587
5015 9 4940
5016 8 4071
5020 45 3643 3897 3910 4400 4482 4530 4653 4824 4875 4929
5022 173 3830 3842 3873 3897 3919 3922 4065 4099 4134 4488 4507 4574 4604 4687 4689 4709 4748 4791 4795 4875
5028 40 3897 3962 4037 4037 4361 4653 4781 4981
5029 21 3796 3910 4099 4400 4600 4653 4712 4929
5036 3 4124
5037 18 3796 4530 4536 4536 4712
5039 7 4297
5046 2 4124 4191
5047 1 4124
5048 5 4124 4488
5050 7 4587 4653
5051 8 4175
5053 53 3969 4037 4037 4175 4335 4632 4884 4981
5059 15 3726 4666
5060 3 4653
5061 4 4527
5068 10 4712 4712
5069 4 4127
5071 1 4297
5079 240 3634 3643 3691 3792 3796 3830 3842 3897 3897 3919 3976 4041 4065 4099 4134 4219 4247 4310 4338 4361 4400 4401 4448 4468 4483 4527 4534 4536 4536 4547 4574 4587 4653 4666 4687 4712 4715 4717 4748 4777 4795 4795 4798 4824 4828 4828 4846 4875 4899 4929 4940 4944 4964 4964 4980 4981
5085 1 4828
5089 8 3897 4795 4980
5095 2 3792
5096 14 4310
5099 9 4276 4587
5102 48 3643 4041 4507
5103 118 3631 3634 3873 3897 4071 4134 4361 4401 4435 4483 4536 4604 4666 4709 4717 4884
5106 24 3643 4037 4335 4400
5110 84 3664 3813 3873 3897 3910 3976 4400 4448 4483 4547 4645 4687 4712 4715 4717 4795 4798 4828 4964
5111 3 3813
5116 2 4828 4828
5118 9 4797
5119 18 3664 3813 4247 4547 4964
5121 9 4715
5123 60 3634 3873 3910 4037 4041 4065 4099 4175 4310 4335 4338 4534 4574 4712 4795
5125 16 3634 4483 4534 4781 4828
5136 1 4536
5139 8 3643 3976 4547 4645
5140 50 3634 3691 3910 4037 4448 4482 4547 4574 4604 4689 4712 4717 4748 4824
5142 4 4448 4653
5143 8 3726
5150 14 3897 3897 4400 4530 4536 4547
5151 3 4645
5152 4 4645
5153 5 4645
5154 2 3664
5155 16 3691 4315 4400 4448 4468 4482 4712
5160 9 3897 3897 4929
5162 4 4600 4666
5166 41 3643 3873 3962 4037 4037 4071 4310 4600 4604 4709 4781 4981
5171 40 3634 3643 3796 3897 4041 4099 4191 4310 4335 4483 4574 4653 4712 4795 4846 4964
5172 18 3796 4099 4099 4310 4335 4781
5173 121 3631 3796 3809 3885 3962 3969 4037 4099 4247 4432 4536 4764 4875 4940
5174 6 3796 4041 4653 4712
5175 20 3796 4099 4191 4247 4534 4653 4846 4899 4964
5176 100 3643 3796 3897 3958 4041 4191 4247 4310 4338 4400 4527 4530 4534 4536 4587 4600 4653 4666 4712 4797 4846 4899 4929 4964 4977
5177 92 3634 3796 3897 3919 3976 4310 4483 4536 4709 4712 4715 4717 4781 4795 4798 4828 4981
5178 15 3796 4310 4828
5179 212 3631 3643 3792 3796 3803 3873 3897 3919 3958 3969 4037 4041 4071 4247 4276 4310 4335 4338 4361 4483 4530 4534 4536 4536 4600 4653 4666 4687 4712 4715 4781 4795 4795 4797 4798 4828 4846 4899 4964 4980
5180 47 3643 3796 4041 4527 4534 4536 4574 4795
5181 29 3796 3897 3919 4247 4574 4600 4653 4797
5182 14 3796 4099 4534 4846
5183 1 3796
5184 64 3643 3796 3897 3910 4041 4098 4191 4247 4315 4400 4448 4482 4587 4600 4653 4824 4846 4899 4929 4964
5185 120 3634 3792 3796 3830 3873 3897 3919 4065 4099 4483 4488 4709 4712 4713 4715 4748 4764 4795 4798 4828 4980
5186 2 3796 4944
5187 28 3796 4530 4536
5188 211 3631 3634 3792 3796 3803 3830 3842 4037 4037 4065 4099 4247 4338 4483 4488 4530 4534 4536 4536 4574 4600 4604 4653 4666 4689 4709 4712 4713 4717 4748 4764 4795 4797 4846 4899 4929 4944 4964 4981
5189 237 3634 3796 3803 3842 3873 3885 3897 3897 3910 3958 3962 4037 4099 4099 4175 4191 4247 4310 4335 4338 4341 4361 4400 4448 4483 4534 4574 4587 4600 4653 4687 4712 4712 4717 4781 4795 4795 4798 4824 4828 4929 4940 4964
5190 56 3796 4247 4335 4355 4400 4448 4587 4600 4653 4666 4712 4824 4846 4929 4964
5191 5 3796 4846
5192 1 3796
5193 15 3634 3919 4335 4712 4717
5194 9 4483 4653
5196 29 3885 3897 4315 4964
5197 3 4964
5199 19 4483 4875
5200 14 3897 4432 4448 4587 4632 4824
5201 12 4335
5203 12 4400 4587 4653 4929
5207 9 4191
5215 7 3634 4310
5217 17 3631 4448 4712
5226 13 4310 4828
5233 19 3897 4071
5243 11 3897 4315 4400 4587 4824
5246 29 3643 3910 4041 4361 4400 4687 4712
5254 34 4191 4361 4536 4713 4717
5255 4 4448
5261 2 3691
5262 35 3643 3691 4310 4527 4574 4717 4828
5263 74 3691 3922 4041 4098 4335 4338 4448 4527 4530 4536 4587 4600 4666 4777 4795 4797 4824 4964
5267 2 4335
5273 12 4536 4717 4764
5275 2 4315
5276 7 4315 4713
5277 1 4315
5278 1 4315
5282 4 4400
5285 20 4191 4335 4448 4530 4536 4587 4977
5286 6 3910
5289 5 4824 4980
5290 1 4824
5291 1 4824
5295 23 4191 4400 4530 4536 4777 4977
5296 15 3634 3910 4400 4712 4929
5299 1 4587
5300 1 4587
5301 42 3643 3873 4310 4483 4527 4574 4653 4717 4748
5312 9 4335 4653 4846
5313 11 4448 4600 4977
5314 1 4448
5315 1 4448
5316 22 3634 3643 4448 4574 4709 4712 4715
5317 10 4448 4536
5321 13 4191 4335
5323 2 3897
5324 12 4929
5333 2 3910
5336 2 4875
5339 3 4191
5342 22 4310 4632
5344 2 4653
5356 1 3910
5357 1 3910
5358 1 3910
5378 13 4401
5380 2 4400
5381 3 4400
5382 19 4098 4400 4666 4846 4929
5384 1 4400
5385 1 4400
5386 3 4400
5387 1 4400
5391 14 4687 4712 4712
5396 9 3755 4500 4536 4777
5399 8 3643 4041 4310
5400 4 4600
5404 13 4310
5405 3 4977
5419 8 4534
5421 4 4500 4777
5423 36 3897 4099 4361 4483 4687 4715 4795 4798 4980
5427 34 3873 3976 4041 4098 4191 4310 4653 4828 4964
5428 3 4712
5430 6 3830 4712 4748
5437 24 4041 4527 4574 4828
5439 39 3792 3873 3897 4488 4748 4795
5445 39 3885 3969 4361 4940
5446 21 3885 4361
5448 2 4687
5452 18 3634 4335 4530 4712 4712 4875
5454 19 3958 4191 4335 4361 4530 4712 4981
5455 7 4712
5457 20 4041 4310 4795
5462 7 4977
5468 7 4191
5472 15 3752 3962 4574 4846
5474 6 4041 4191 4600 4653
5477 1 4929
5478 9 4600 4929 4964
5479 12 4574 4884 4929
5480 1 4964
5482 12 4600 4653
5483 1 4600
5484 18 4041 4099 4099 4310 4600 4653 4781 4980
5485 13 4037 4099 4310 4600
5486 1 4600
5487 23 3873 4335 4435 4600 4666 4846 4981
5488 1 4600
5489 10 4071 4600
5490 1 4600
5491 1 4600
5494 1 4977
5495 4 4191 4977
5499 3 4666
5511 3 4335
5515 6 4098 4191 4666
5516 2 4191
5517 1 4191
5518 1 4191
5519 1 4191
5520 2 3643 4191
5521 3 4191
5522 1 4191
5523 1 4191
5524 402 3631 3634 3726 3752 3792 3803 3809 3830 3842 3873 3885 3897 3919 3962 4037 4037 4065 4071 4099 4134 4191 4310 4341 4361 4432 4435 4483 4488 4507 4536 4604 4632 4666 4689 4709 4712 4713 4715 4717 4748 4764 4781 4798 4828 4875 4944 4980 4981
5525 1 4191
5526 7 3803 4191
5527 2 4191 4689
5528 3 4191
5529 31 3631 4071
5531 224 3631 3634 3792 3803 3842 3873 3885 3897 3969 4037 4065 4099 4099 4134 4175 4310 4335 4341 4412 4488 4530 4534 4536 4604 4632 4689 4709 4712 4713 4748 4764 4781 4828 4875 4875 4884 4899
5534 11 3643 3976 4653
5543 128 3634 3643 3792 3830 3873 3962 4037 4041 4065 4134 4310 4483 4488 4527 4715 4764 4781 4828 4944 4980
5549 7 4037
5550 12 4037 4310 4689
5552 8 4338 4687
5553 36 3792 4071 4099 4338 4653
5562 3 3897
5563 2 3873
5571 1 4666
5572 1 4666
5576 1 4846
5579 2 3897
5582 105 3631 3634 3643 3803 3830 4037 4065 4099 4310 4536 4666 4709 4713 4717 4748 4795 4944 4964 4980
5584 12 4964
5589 10 3873 3897 4964
5590 4 4037 4687
5591 21 4335
5594 1 4098
5595 1 4098
5596 11 3631
5598 1 4247
5599 1 4247
5600 5 3897 4247
5603 1 4797
5605 10 4536 4981
5606 23 4335 4534 4574 4899
5608 14 3897 4099 4795
5612 38 3634 3958 4099 4276 4798 4828
5614 5 4037 4940
5616 12 4037 4037 4338 4712
5617 7 3976 4781
5623 1 4653
5624 20 4717
5626 3 4798
5630 31 4653 4712 4748 4781
5644 13 4795
5645 1 4777
5647 3 3976
5655 48 3643 4009 4310 4653 4712 4717
5656 2 4653
5657 2 4653
5658 10 4335 4653
5659 1 4653
5660 2 4653
5661 1 4653
5666 4 4335
5667 4 4335 4507
5671 1 3770
5675 8 3958 4530 4574
5680 2 4530
5684 17 4175 4338 4483
5686 1 3962
5691 49 3643 3922 4211 4483 4534 4797
5692 19 3803 4338 4536
5696 49 3873 4099 4604 4712 4715 4781 4980
5697 219 3631 3634 3792 3803 3830 3842 3873 3897 3919 3976 4037 4037 4065 4099 4134 4175 4338 4401 4412 4483 4488 4527 4536 4574 4604 4666 4687 4689 4709 4712 4713 4717 4748 4764 4791 4795 4798 4944 4980
5702 10 3634 3726
5704 2 4828
5708 7 4483
5714 42 3643 3792 3897 4041 4099 4175 4715 4981
5721 8 3873
5738 12 4536
5739 37 3643 3792 3897 3919 3976 4748 4828 4875
5746 1 4338
5747 2 4338
5748 1 4338
5749 2 4338
5753 4 4712
5760 3 4310
5763 4 4041
5768 11 4534 4791
5771 3 4632
5772 10 4536
5773 63 3803 4037 4037 4361 4944
5775 39 3631 3752 4037 4071 4435 4709
5776 9 4899
5783 15 4041 4310 4527 4574
5787 29 4041 4276 4310 4781 4828
5794 1 4625
5796 173 3634 3643 3792 3803 3830 3842 3897 4037 4037 4041 4065 4099 4310 4483 4488 4527 4536 4604 4689 4709 4712 4715 4717 4748 4764 4795 4828 4875 4875 4981
5797 3 3634 3897
5798 7 3897 4715 4795 4798
5799 14 3897 4715 4795 4798 4980
5800 182 3792 3830 3897 3962 4037 4037 4065 4310 4666 4712 4764 4884 4934 4940 4944
5801 2 3897
5802 248 3634 3726 3752 3803 3830 3842 3897 3962 3969 4065 4071 4099 4341 4401 4435 4483 4488 4536 4604 4632 4666 4689 4709 4712 4713 4717 4748 4764 4795 4798 4884 4944 4980 4981
5803 2 3634 3897
5804 22 3897 4483 4574 4712 4715 4828
5805 10 3897
5806 45 3873 3885 3897 4361 4795
5807 16 3803 3897
5808 6 3897 4687
5809 20 3897 4875
5810 26 3873 3897 4037 4604 4712
5811 65 3726 3830 3897 4361 4412 4488 4536 4713 4748 4791
5812 42 3634 3897 4099 4687 4980
5813 2 3897
5814 106 3830 3897 3962 4037 4310 4401 4432 4536 4709 4712 4940
5815 4 3897
5816 50 3634 3726 3792 3842 3897 4099 4604 4666 4687 4689 4715 4944
5817 30 3897 3976 4134 4483 4687 4795 4798 4828 4980
5818 40 3792 3873 3897 4099 4401 4432 4483 4488 4536 4689 4713 4764
5819 52 3634 3643 3830 3842 3897 4041 4175 4310 4527 4689 4940
5820 19 3897 4981
5821 18 3897 4065 4361 4709 4712 4748
5822 81 3634 3873 3897 3919 3962 4341 4361
5823 13 3897 4412 4875 4875
5824 29 3792 4536
5827 14 4175
5834 6 3643
5836 8 4310
5839 36 4795 4828
5855 8 4574
5856 1 4574
5857 62 3634 3643 4041 4099 4310 4432 4574 4604 4712 4981
5859 7 3830 4401 4940
5862 24 3976 4175 4712 4828
5871 51 3643 3976 4310 4536 4712 4795 4875
5872 25 4341 4632
5896 3 3922
5913 5 3976 4037 4041
5914 2 3976
5915 39 3752 4071 4435 4981
5920 9 4435
5922 7 4432
5932 35 4310 4828 4875
5933 4 4791 4875
5934 32 3873 4065 4604 4781 4828
5935 6 3873 4310
5936 2 4175
5940 12 4175
5952 14 3885
5961 9 4310 4483 4798 4828
5965 3 4037
5969 5 4435
5978 1 4041
5980 4 3634
5981 6 4099 4483
5984 3 4310
5993 3 4037 4037
5995 1 4687
5998 80 3634 3803 3962 4536 4604 4666 4712 4717 4748 4944
5999 16 4037
6006 47 3962 4483 4709 4712 4748
6013 3 4175
6014 1 4175
6015 3 4175
6016 10 4071 4175
6017 2 4175
6018 1 4175
6019 1 4175
6020 23 3873 4310 4435 4940
6023 16 4715
6024 7 3634 4712
6028 1 3643
6030 1 4041
6031 2 4041 4875
6032 70 3726 4037 4041 4071 4361 4432 4709 4764 4944 4981
6033 1 4041
6034 1 4041
6035 1 4041
6038 6 4748
6043 38 3962 4310 4341 4781 4828 4981
6044 2 4310
6045 3 4310
6046 2 4310
6047 4 4310 4488 4713
6048 1 4310
6049 1 4310
6050 1 4310
6051 1 4310
6052 1 4310
6053 1 4310
6064 4 3919
6068 30 3634 3962 4781 4828 4875
6069 3 4875
6070 2 4828
6072 45 4037 4940
6075 16 3873 4781 4828
6082 4 4065
6091 1 4828
6092 1 4828
6093 5 4536 4828
6094 11 4604 4781
6097 24 4099
6112 1 4875
6113 2 4875 4875
6114 2 4875 4981
6118 2 4781
6119 3 4037 4781
6120 1 4781
6121 2 4781
6123 18 4488
6151 13 4037
6156 20 4632 4687
6160 1 4037
6174 10 3962 4940
6179 7 4065
6182 3 4875
6197 1 4980
6202 1 4037
6207 1 4099
6212 3 4435
6216 5 4099
6217 28 3792 3842 3919 4065 4099 4709 4712
6218 47 3962 4037 4401 4536 4712 4795 4798 4940 4981
6220 13 3634 3803 4713 4717
6221 26 3962 4037 4071 4341
6223 12 4717
6229 18 4037
6239 3 3873
6240 1 3873
6241 64 3634 3873 3962 3969 4341 4632
6242 4 3873
6243 32 3752 4483 4604 4712
6248 10 3634 4536 4717
6270 57 3634 3803 4037 4099 4134 4361 4687 4944
6271 8 4715
6272 80 3634 4099 4361 4536 4666 4717 4940 4944
6280 31 3726 3885 4361 4884
6286 3 4483
6298 4 4798
6299 70 4361 4536 4713 4798
6305 147 3631 3634 3803 3842 3885 3919 4037 4099 4361 4687 4709 4712 4713 4717 4764 4795
6312 3 4798
6314 9 4791
6316 15 4037
6317 3 4980
6320 17 3969 4715
6323 49 4483 4764
6324 6 4712 4798
6325 5 4483
6326 2 4483
6327 71 3631 3726 3792 3803 4037 4536 4689 4712 4713 4944
6346 13 3792 3919 4604
6347 11 4709
6359 72 3726 3792 3830 4037 4037 4065 4488 4536 4604 4712 4713 4715 4764 4980
6360 35 3809 4037 4687 4715 4798 4980
6377 18 4713 4764
6379 1 4798
6380 4 4401 4798
6381 2 4798
6383 3 4483
6394 6 3634
6398 15 4709
6410 1 4687
6411 1 4687
6414 15 4037
6421 15 3919
6422 7 4712
6440 1 4099
6443 51 4037 4037 4071 4361
6445 7 4037
6447 11 4099 4712
6458 22 4037 4099 4488 4709
6460 56 3962 4689 4717 4875 4966 4981
6461 5 4361
6467 8 4712 4717
6477 1 4099
6478 1 4099
6479 13 3634 4037
6486 57 3726 3919 4944
6488 19 3634 4713 4717
6494 70 3631 3752 3792 4065 4071 4709 4884 4940
6500 5 3792
6501 10 3842
6502 12 4981
6503 4 3634
6504 7 4604
6510 54 4709 4713 4875
6517 2 4713
6518 30 3631 3885 4748 4875 4884
6522 21 4488 4536 4713 4764
6523 31 3962 4037 4507 4536
6525 13 4536 4713
6533 1 4791
6534 1 4791
6535 1 4791
6536 2 4791
6541 1 4507
6544 1 3634
6545 5 3634 4709
6546 2 3634 4709
6547 1 3634
6548 8 3634 3842 4071
6552 27 4944
6555 33 4361 4632
6560 42 4401 4435 4713 4717
6561 3 4604 4717
6563 54 3803 3962 4037 4361 4536 4875 4981
6572 1 4689
6573 1 4689
6577 10 4134
6595 12 4712
6596 137 3752 3962 4037 4401 4432 4435 4604 4712 4884 4981
6605 9 4712
6607 3 4712
6608 16 3830 4065 4709
6609 2 4536
6613 8 4037 4666
6614 2 4037
6615 119 3631 3726 3792 3885 4037 4361 4488 4536 4666 4713 4764 4944
6618 79 3803 4037 4666 4940 4944
6619 77 3726 4361 4536 4666 4944
6620 91 3631 3726 3792 3803 3809 4037 4134 4536 4666 4944
6624 122 3631 3726 3752 3885 3962 3969 4071 4341 4361 4435 4632 4981
6626 8 4712
6627 12 4065 4632 4712
6630 1 3919
6635 11 3752
6649 23 3792 4488 4944
6657 9 3962 4712
6658 5 4712 4875
6665 25 3631 3830 4065 4884
6702 10 4944
6711 7 3803
6712 8 4764
6714 92 3631 3726 3885 4361 4632 4713 4875 4884
6736 31 4401 4488 4536 4764
6758 9 3830
6759 2 3830
6764 1 4709
6765 1 4709
6766 16 4361 4401 4709
6767 2 4709
6772 49 3885 4488 4940
6774 23 4981
6780 6 4071
6781 5 4764
6784 41 3792 3885
6789 9 4361
6790 10 4536
6801 5 3752
6828 1 4713
6829 4 4536 4713
6834 2 4037
6837 1 4764
6859 10 4037 4037
6861 1 3792
6862 1 3792
6863 3 3792 4037 4037
6864 2 3792
6866 4 3792
6867 4 4488
6875 15 4432
6886 6 3803 4037
6896 3 4134
6900 29 4037 4037 4536 4632 4875
6902 20 3752 4037 4875
6906 49 3631 3726 4037 4361
6907 183 3631 3726 3752 3885 3962 3969 4037 4037 4071 4341 4361 4401 4432 4632 4875 4944
6913 34 3631 3803 4037 4536 4666 4944
6914 52 3962 4632 4940
6916 30 3770 4507 4884 4940
6918 23 3631 3962 4435
6934 51 4037 4361 4884 4940 4944
6941 35 3726 3969 4341
6945 16 4536 4875
6946 25 4341 4632 4884
6951 26 4401 4432 4940
6959 5 4536
6975 7 3962
6976 37 4037 4037 4944 4981
6984 4 4536
6991 18 3809 4361 4536 4666
6993 75 3752 3885 3962 4071 4435 4632 4875 4981
6994 9 3726
7005 13 3962 4037
7011 2 4536
7019 4 4981
7021 15 4981
7035 2 4536
7036 2 4536
7037 1 4536
7038 4 4944
7044 3 4940
7046 19 4884
7047 133 3962 4037 4071 4401 4432 4435 4981
7049 27 4435
7052 114 3726 3752 3803 3962 3969 4071 4341 4361 4435 4632 4884 4981
7053 19 4401 4940
7054 21 4884
7055 95 3752 3885 3969 4341 4632 4875
7057 100 3962 3969 4037 4341 4401 4632 4875 4940 4981
7079 1 4666
7080 58 3885 3962 4666 4944
7082 1 4944
7086 111 3726 4037 4071 4401 4432 4632 4875 4940
7088 3 4940
7090 6 3803
7092 75 3726 3885 3962 3969 4037 4071 4341 4507 4632
7099 15 3631
7100 15 4037
7104 15 3631 3726
7106 4 3726
7110 5 3885
7113 8 3752
7116 1 4875
7117 2 4632
7121 6 4361
7124 1 4037
7125 2 4037 4037
7127 2 4037
7128 2 4037
7129 6 4037
7130 2 4037
7131 23 3962 4037 4037 4940
7132 21 4037
7133 1 4037
7134 3 4037
7135 1 4037
7164 1 3962
7171 6 4632
7180 2 4037
7181 2 4037
7184 1 3631
7187 1 3631
7188 12 3631 3726 4361
7189 3 3631
7198 5 4037 4401
7225 24 4071
7227 9 3962
7229 5 4341
7230 4 4884
7231 87 3752 3885 3962 4071 4341 4435 4632 4884 4981
7236 16 4632 4884
7238 9 4432 4884
7239 21 3969 4632 4875 4884
7241 18 4432
7262 9 3969
7271 2 4037
7280 71 3752 3962 4071 4401 4432 4981
7294 37 3962 4940
7295 6 4071
7301 18 4071
7327 6 4361
7335 13 3962
7342 1 4361
7343 10 4361
7344 3 4361
7350 20 4940 4981
7362 5 4884
7376 4 4435
7378 40 3962 4037
7379 7 4632
7386 14 4401 4940
7387 3 3962
7390 18 3962
7391 47 4401 4940
7400 15 3885 4940
7405 17 3962 4037
7418 2 4981
7421 9 4037 4940
7424 4 4037
7425 7 4037 4940
7441 3 4341
7443 10 3962
7449 20 3752 3962 4940
7452 2 4037
7492 3 4875
7493 2 4875
7511 14 3752 4981
7514 1 4879
7518 1 4632
7563 1 4341
7564 30 4037 4341
7578 24 3962 4037 4071 4435 4981
7580 7 4884
7597 4 4037 4884
7598 26 3752 3962 4884 4981
7605 1 3752
7608 2 4884
7610 1 4884
7614 37 3752 3962
7659 6 3962
7676 5 4940
7677 8 4037 4940
7678 2 4940
7682 15 4037
7685 13 4401
7691 18 3752 3962 4071
7697 12 3962
7719 3 4071
7727 26 3962 4037 4071 4981
7733 42 3962 4037 4401 4432 4940 4981
7743 10 4037 4940
7744 49 3770 3962 4037 4401 4432 4940
7747 5 4981
7759 4 4981
7766 13 4435
7768 10 3752 3962
7769 19 3752 3962 4071
7772 15 4432
7808 12 3752 3770 3962 4037
7818 15 3752
7835 2 4435
7842 2 4981
7856 7 4432 4435
7862 8 4037
7863 1 4981
7864 2 4981
7865 22 4981
7873 5 4071
7874 4 4071
7877 5 4037 4940
7882 10 3752 3962 4940
7884 5 4401
7885 3 4037
7900 27 4037 4507
7901 28 4037 4401 4432
7902 18 4432
7903 4 4037
7910 4 3962
7915 1 3962
7916 2 3962
7919 3 4940
7929 3 4037
7933 3 4037
7993 1 4037
8005 2 4401
8012 7 4037
8036 19 4940
8046 14 4401 4432 4940
8047 17 4401 4432 4940
8050 6 4432 4940
8053 17 4940
8061 3 4037
8085 16 4401 4432 4940
8092 4 4037
8098 1 4037
8099 1 4037
8100 1 4037
8101 1 4037
8102 1 4037
8103 1 4037
8104 1 4037
8105 1 4037
8106 1 4037
8107 11 4037 4432 4940
8109 1 4037
8110 1 4037
8152 10 4940
8156 5 4940
8190 4 4940
8211 10 4401 4432
8222 5 4401
8227 1 4401
8241 2 4432 4940
8242 1 4432
8243 3 4432
8263 2 4940
8270 2 4940
8272 1 4940
8273 1 4940
