3 23 28 30 39 54 108 152 178 182 214 271 286 300 348 349 371 567 581 584 586 590 604 611
4 8 28 30 38 243 363 370 560 650
5 17 6 8 23 30 38 50 54 55 61 89 127 153 163 167 168 175 299
6 258 3 8 19 23 28 28 29 30 34 35 38 39 50 54 55 56 56 61 80 86 89 127 132 135 140 151 154 163 168 178 182 183 216 219 226 227 228 232 236 243 250 252 257 258 259 261 271 271 271 273 274 280 286 290 298 299 300 301 304 306 317 319 322 325 339 348 349 356 358 362 363 370 371 373 377 378 379 390 391 392 394 396 402 405 406 415 421 422 427 431 432 433 435 439 440 447 538 549 560 564 566 567 579 581 584 586 589 590 592 600 604 609 611 613 617 643 656 659 659 659 665 668 673 691 700 704 723 730 733 739 761 779 789 798 802 813 820 826 857 857 863 871 881 885 893 895 897 907 913 922 932 936 960 963 966 971 972 978 991 993 995 1007 1022 1026 1032 1035 1043 1055 1062 1125 1144 1152 1156 1167 1168
7 20 6 28 30 35 38 54 55 61 75 228 259 271 299 299 1190 1193
8 162 6 19 23 28 28 30 34 36 39 49 50 54 55 56 61 75 80 86 89 127 132 135 140 150 151 152 154 163 168 175 178 182 183 214 216 219 224 226 232 236 243 250 252 255 258 271 274 280 282 286 299 299 300 301 308 310 319 322 339 341 348 349 356 358 362 363 370 371 373 377 378 379 390 391 392 394 396 402 405 406 421 422 427 428 431 432 433 439 440 488 506 514 524 538 549 560 564 566 567 581 584 586 589 590 592 600 604 607 609 611 613 616 617 622 624 627 628 631 636 637 650 656 657 658 659 659 664 665 667 668 673 674 675 677 681 706 715 719 723 725 739 749 756 760 779 798 802 817 822 844 864 866 868 878 881 882 885 936 977 1092 1092
9 71 23 28 30 34 54 55 61 75 80 86 135 151 168 226 228 250 258 261 271 274 299 325 339 348 356 363 370 377 378 379 390 391 392 394 402 421 422 427 431 439 440 517 559 560 579 592 611 626 658 664 715 733 857 857 868 893 904 918 932 972 982 1049 1103
10 70 3 6 8 19 23 28 30 34 38 50 54 89 105 132 135 154 163 168 175 183 214 216 219 250 252 255 261 271 274 280 286 301 306 310 319 405 432 549 600 609 617 622 627 628 631 636 656 657 658 659 659 664 665 667 668 675 681 700 706 715 719 725 739 743 746 748 750 756 760 779
11 733 6 8 8 15 19 23 28 28 28 29 30 34 35 36 38 49 50 54 55 56 61 72 75 86 89 105 127 132 151 154 163 168 171 171 178 183 214 216 219 224 227 228 230 246 250 252 255 257 259 261 271 271 274 282 286 298 299 299 306 308 310 313 317 319 325 332 334 338 350 372 406 407 407 415 429 431 432 432 439 440 465 488 506 514 545 549 559 560 575 579 587 600 607 608 609 611 613 617 622 624 627 628 631 636 637 643 644 647 658 659 659 659 664 667 668 673 673 674 675 677 677 681 684 700 705 705 706 707 710 715 717 719 722 723 725 730 733 739 741 741 743 744 746 748 749 750 756 760 761 762 762 763 764 771 779 791 793 798 802 803 805 806 817 822 825 826 836 837 839 844 849 853 857 857 859 863 864 866 868 871 873 878 881 882 885 887 893 895 904 907 908 913 918 922 929 932 935 936 937 937 941 942 943 945 946 947 955 956 958 959 959 960 963 968 971 975 978 978 982 985 989 993 994 999 1000 1006 1018 1022 1031 1032 1034 1035 1049 1055 1061 1062 1075 1097 1103 1111 1124 1127 1128 1137 1144 1151 1154 1156 1160 1164 1165 1167 1168 1185 1186 1186 1190 1193
12 54 28 28 30 80 219 232 236 250 255 257 259 274 282 286 299 349 356 362 390 427 428 432 432 538 564 609 631 644 663 668 675 677 677 697 706 725 748 765 805 810 822 838 857 937 1160
13 8 30 178 216 232 250 252 271 341
14 105 3 23 28 28 28 30 32 49 49 54 55 56 61 75 127 150 152 178 182 183 216 219 224 226 236 250 259 261 271 271 282 282 299 325 338 356 363 371 377 378 390 391 394 396 402 421 422 427 440 538 560 564 566 567 581 584 589 609 613 616 617 619 626 631 650 656 665 797 968 1031 1053 1080 1123 1164
15 42 8 23 28 28 28 30 32 38 49 49 54 55 56 61 105 152 214 417 560 589 600 667 737 756 762 893 974 1006
16 16 28 30 637 749 789 817 857 857 887 982 993 1186
17 37 3 8 28 30 35 50 54 55 108 127 135 183 214 258 261 271 273 282 339 356 377 378 391 590 592 624 656 658 667 675 739 750 941 982 1190
18 8 30 36 55 308 429 549 643
19 38 3 6 23 28 30 38 50 54 55 61 89 127 132 151 151 154 163 168 182 183 214 216 219 250 252 257 261 271 274 286 299 371 564 581 584 589 590 592
20 153 3 6 19 30 34 36 50 54 55 56 61 75 80 89 105 132 135 140 151 168 182 183 216 224 232 250 252 255 257 258 261 271 271 274 282 286 306 308 310 321 322 325 339 348 350 363 370 371 377 378 379 391 402 425 427 429 447 465 564 567 590 592 600 609 611 624 626 631 636 650 656 657 658 667 675 677 681 697 700 704 706 707 722 723 746 749 756 765 803 838 853 861 864 918 941 943 981 982 993 994 1034 1044 1055 1062 1075 1156 1164 1167 1190
21 77 28 30 35 54 61 75 86 89 105 135 140 150 168 183 219 236 243 250 252 271 271 299 299 299 308 334 356 370 422 429 433 439 447 465 488 549 590 592 611 613 637 656 657 664 667 723 725 760 765 794 802 837 853 868 871 887 893 908 932 960 963 1014 1049 1190
22 2 30
23 48 29 30 38 50 55 80 127 135 163 168 175 183 236 252 257 271 280 282 300 308 313 325 549 586 590 601 616 617 656 664 667 674 700 706 725 760 794 881 897 945 972 981 989 1039 1053 1123
24 270 3 8 15 19 28 30 34 35 36 50 54 132 150 228 230 255 259 271 271 271 280 299 310 311 321 334 348 370 373 378 391 407 407 407 415 465 545 549 560 579 589 600 626 633 636 643 644 647 663 667 681 696 697 706 707 710 719 722 739 742 750 756 760 762 763 769 803 813 817 849 853 857 863 887 893 895 908 932 935 945 946 960 993 994 999 1018 1034 1043 1053 1075 1111 1123 1125 1156 1164 1165 1186 1193
25 63 23 28 28 28 29 35 50 54 55 75 80 86 152 182 224 226 246 252 255 271 271 280 299 299 306 308 310 325 339 348 356 363 370 371 373 377 379 407 407 422 439 488 545 549 560 590 592 600 604 650 659 667 673 675 696 706 723 739 857 864 994 1131
26 87 3 6 19 23 28 28 34 38 39 50 54 55 56 80 89 127 132 135 140 151 152 154 163 168 182 183 214 216 219 226 232 236 250 252 257 258 261 271 274 286 299 300 301 306 310 325 339 341 348 349 356 358 362 363 370 371 373 377 378 379 389 390 391 394 396 415 419 421 422 427 431 433 560 564 566 567 581 584 590 636 673 673 675 681 684 756
27 89 6 15 19 28 34 55 132 135 140 152 182 183 216 219 226 271 274 280 282 301 306 310 319 325 348 362 370 371 373 377 379 390 394 396 402 422 427 433 566 567 584 586 590 604 609 613 616 624 627 628 631 636 656 664 667 668 673 681 684 700 719 737 743 746 748 866
28 110 3 6 8 19 29 34 35 38 49 50 54 55 61 75 80 86 127 132 135 150 151 152 154 163 178 182 214 216 224 226 228 232 236 250 252 259 261 271 273 280 282 299 299 301 304 310 313 319 322 325 356 370 391 396 402 405 406 415 428 439 488 584 590 600 616 627 631 636 656 658 667 673 675 681 715 723 725 730 739 743 746 748 750 756 789 798 859 864 895 958 991 1026 1030 1186 1190
29 136 3 23 28 28 39 50 54 55 56 86 105 127 140 150 151 151 152 154 183 214 228 243 246 252 261 271 273 274 282 282 286 299 299 300 308 313 317 322 348 356 358 362 389 391 394 396 402 406 407 415 435 439 524 538 549 587 589 600 604 611 627 656 659 665 667 668 670 673 674 677 681 684 700 704 715 719 722 733 739 756 761 789 810 829 837 838 840 857 863 866 868 878 882 895 918 929 932 934 936 938 942 956 958 966 1014 1026 1080 1131
31 6 49 75 405 517
32 2 75 517
33 20 8 38 50 54 56 127 140 178 183 214 396 402 440 538 545 1144
34 4 3 6 39 54
35 64 3 39 50 54 132 135 151 152 183 214 226 227 243 243 257 259 261 271 274 299 300 339 348 356 362 370 373 377 378 379 390 391 394 402 415 422 545 644 647 803 853 907 960 963 971 978 1023 1026 1075 1127 1193
36 231 15 28 28 35 38 50 54 55 80 86 89 152 204 226 228 232 255 271 271 271 274 282 299 304 308 310 313 322 325 332 334 348 356 370 373 377 391 394 396 402 417 427 431 439 465 549 560 579 600 626 636 637 643 644 656 663 665 667 681 697 704 707 710 719 722 730 733 737 762 813 817 838 844 849 857 859 861 895 908 922 941 945 958 959 972 975 981 982 993 999 1023 1026 1038 1075 1111 1123 1125 1127 1131 1166 1186 1186 1190 1193
37 21 50 54 168 216 252 325 370 608 608 609 656 762 881
38 12 54 55 75 152 182 280 415 589 609 922
39 39 6 8 23 28 29 35 50 54 80 127 135 152 163 168 182 216 252 271 282 319 325 341 407 415 549 611 613 628 631 659 659 706 756 779 793 822 878 1007
40 10 54 55 214 216 252 257 273 274 299 299
41 30 3 28 28 28 54 56 56 75 140 151 183 226 227 252 271 322 339 356 358 377 402 422 681 756 837 857 887 893
42 88 19 23 28 34 50 54 55 56 75 80 105 178 219 250 252 259 271 271 274 286 298 299 299 299 348 356 377 378 391 396 407 407 415 545 549 564 656 658 710 743 748 756 810 817 823 853 907 908 975 993 1026 1053 1075 1123 1127
43 4 54 182 857 918
44 42 15 54 154 224 259 372 390 391 465 908 947 966 1111 1186
45 7 54 55 299 299 871
46 58 3 36 54 56 132 150 152 182 214 224 252 255 271 271 280 282 286 300 301 325 348 370 371 377 378 379 391 394 396 402 407 428 431 564 566 590 609 624 656 664 681 704 715 749 838 844 857 991 993
47 113 3 19 28 28 50 54 55 56 61 80 127 135 140 151 152 154 163 168 178 182 216 226 243 250 252 257 271 271 274 282 286 290 299 299 304 317 322 334 356 389 405 415 415 427 428 431 447 545 560 609 644 656 664 667 675 704 761 789 820 844 857 935 958 989 989 993 1111 1186 1186
48 17 54 86 168 214 250 252 271 282 310 356 391 421 564 664 817 878
49 12 28 54 370 396 517 664 749 762 1031 1123
50 12 23 28 54 61 154 216 219 250 252 257 261 271
51 12 54 55 80 175 214 280 325 589 609 656 739 750
52 1 54
53 25 15 28 54 806 857
54 7 3 28 214 299 356 373 394
55 53 6 8 28 28 29 36 38 61 75 80 86 135 152 214 216 243 250 252 271 299 299 304 308 313 317 321 325 348 356 370 373 379 402 407 439 447 488 549 673 696 697 730 733 739 784 793 795 918 942 956 958 1030
56 20 6 49 61 105 152 175 192 214 415 515 622 750 762
57 12 55 61 228 271 299 415 549 656 675 756 789 817
58 35 15 23 28 50 55 61 75 80 89 127 132 154 163 183 257 271 274 299 299 299 310 322 325 853 1186 1186
59 94 3 15 28 49 49 56 61 86 152 167 168 204 214 219 228 252 271 298 370 371 372 377 378 391 407 417 421 425 431 549 564 584 600 643 723 733 763 861 895 928 935 937 959 1000 1034 1125 1131 1152
60 9 61
62 11 6 243 280 363 370 415
63 1 6
64 1 6
65 2 6 89
66 41 6 28 55 56 152 183 282 338 394 402 600 607 756 784 977 1026 1075 1131 1193
67 12 56 75 132 178 214 274 282 356 391 405 756
68 187 15 56 72 75 127 271 379 465 608 650 700 762 825 1026 1157 1159
71 68 19 35 50 55 80 86 151 168 226 228 236 257 271 299 299 299 319 356 370 391 402 427 439 447 549 560 564 600 631 706 789 895 908 937 971 989 1034
72 113 8 8 28 39 56 89 178 182 204 226 232 236 243 261 271 299 313 321 322 341 370 371 407 422 427 431 432 432 440 514 566 567 584 586 589 590 592 637 659 667 719 733 756 794 802 820 844 881 885 943 947 959 972 975 989 991 993 1007 1023 1026 1031 1035 1062 1123 1131 1193
73 10 3 8 75 214 243 243 274 363 378 394
74 69 28 28 29 35 49 55 56 75 86 154 178 228 252 257 271 271 271 299 304 317 321 334 356 447 488 626 637 643 665 710 749 769 784 789 794 803 806 817 863 864 893 895 918 922 937 955 956 958 960 993 995 1026 1053 1111 1123 1186 1190
75 24 8 8 8 28 28 28 56 56 152 154 246 299 299 370 545 549 600 739 756 1186 1186
76 2 8 514
77 23 28 49 49 175 214 219 271 299 299 363 604 624 644 700 868 878 1185 1193
78 26 28 56 56 258 261 377 378 379 390 391 392 396 419 421 422 428 431 433 566 567 793 857
79 28 55 75 236 252 271 299 299 311 313 341 356 370 391 600 637 697 704 733 789 817 857 864 878 934 955 958 1053
80 55 29 50 55 75 86 150 151 168 236 252 255 271 280 282 299 299 304 310 311 319 322 325 339 356 370 402 433 439 560 590 600 631 636 643 656 657 658 664 675 681 684 719 723 725 730 733 739 746 779 789 798 817 857 945 1026
81 3 55 1157
83 7 371 517
86 101 35 50 55 56 150 228 243 259 271 271 282 299 299 304 308 313 325 332 391 405 407 407 407 415 428 439 447 538 549 564 600 626 674 696 719 733 750 761 794 795 820 878 893 895 908 913 918 932 937 972 981 989 989 991 1007 1026 1131 1186 1186
87 164 15 28 28 29 35 36 55 56 75 86 150 151 154 183 204 259 271 271 282 290 290 299 304 313 317 348 363 372 396 407 439 545 549 579 600 608 647 656 658 667 696 704 737 756 761 761 762 762 765 789 837 913 932 958 963 999 1022 1053 1055 1123 1131 1193
89 21 15 35 56 86 151 168 243 271 271 310 545 756 1026 1031
90 63 15 23 28 29 35 39 55 72 75 86 171 204 214 243 252 271 271 290 290 308 321 338 417 439 549 559 560 600 644 733 737 749 750 756 761 820 932 958 994 1007 1124 1128 1131
91 1 55
92 2 105 168
93 1 153
94 17 56 56 86 183 214 219 271 271 271 301 302 348 356 613 656 756 859
95 1 108
98 5 56 86 228 664
99 15 271
100 4 34 232 378 560
101 12 28 56 75 152 243 405 517 756 761 761
102 1 813
103 55 28 75 80 182 255 271 271 271 306 370 391 579 600 656 657 667 681 700 719 739 746
104 19 28 55 75 150 152 178 252 282 299 299 308 356 377 396 477 664 667 955 1103
105 1 677
106 5 55 299 579
107 3 477 517
109 166 204 290 415 993 1164
110 59 29 228 304 306 310 313 317 317 322 429 488 524 613 616 656 665 667 722 730 733 789 794 837 839 844 857 859 863 868 881 882 895 897 918 932 936 942 945 955 966 972 979 981 991 1007 1014 1191
111 26 3 39 80 86 271 300 306 308 373 377 378 517 600 611 636 668 730 838 857 857 885 895 994 995 1075
113 68 8 15 29 56 75 94 132 140 152 219 228 243 290 339 370 439 524 722 762 838 849 859 868 981 1014 1186
120 3 15 1186 1186
121 2 350
122 193 15 152 204 403 465 608 737 765 825 856 974 1159 1166
125 28 28 29 35 36 55 214 271 302 313 317 321 488 517 637 704 710 730 784 937 959 960 1014 1167
126 22 29 55 75 86 228 271 321 439 447 696 697 733 742 756 789 913 956 989 1156 1186
127 83 3 15 28 35 152 178 204 228 232 252 259 261 271 282 290 325 332 346 379 402 417 431 549 584 607 616 650 656 700 737 762 805 849 893 956 974 982 1007 1026 1159
128 51 28 29 86 127 214 216 271 348 356 372 379 730 761 813 857 864 895 937 960 993 1164 1166
129 3 55 299 427
130 12 86 152 182 271 356 439 650 656 657 733 895 936
132 21 19 35 56 56 152 204 271 271 299 310 325 370 428 549 656 730 756 1151
133 8 135 348 362 370 373 391 402
135 6 255 310 394 402 589 656
136 64 15 19 80 132 150 178 232 258 261 349 431 440 584 761
138 69 3 19 28 36 55 86 89 132 151 163 168 224 228 236 250 252 255 259 271 271 274 282 298 308 317 370 373 439 440 488 560 566 590 592 600 637 656 659 663 668 673 681 719 723 730 746 749 798 806 817 849 857 863 868 871 941 971 1125 1186 1190 1193
139 32 3 8 28 28 49 75 86 228 252 271 271 271 282 299 322 439 440 611 681 741 743 748 756 760 793 802 806 822 895 958
140 25 39 80 135 226 258 282 282 339 341 348 349 356 358 363 370 379 390 396 402 415 428 431 435 590 592
142 12 182 243 271 271 301 363 370 371 402 579 700
143 95 3 19 28 29 35 36 80 132 135 171 182 183 204 214 216 226 250 252 271 271 271 274 298 299 301 313 317 334 339 363 370 373 377 378 379 390 391 394 396 402 432 559 566 567 590 633 644 647 697 704 710 762 805 817 871 887 918 960 972 991 995 1032 1062 1075
145 15 214 271 391 626 769 1080
147 50 28 28 271 271 304 310 311 319 704 737 794 798 820 937 958 966 993 994 1007 1014 1026 1137 1185
150 22 178 232 280 371 407 407 431 566 567 584 587 587 589 590 592 607 609
151 44 28 29 80 86 182 228 236 271 308 322 338 402 549 637 643 659 707 719 723 733 749 806 837 844 857 863 878 887 895 918 936 941 945 955 958 972 994 1125 1128 1141
152 18 28 28 28 35 50 55 56 75 182 214 252 567 581 589 656 665 667
153 1 50
154 53 15 23 28 29 50 80 151 168 178 204 224 252 282 304 306 308 310 322 348 370 377 402 405 407 407 407 415 439 549 609 617 636 733 750 795 857 895 958 989 989 1053 1123
155 16 50 75 89 214 928
156 3 50 168 259
157 41 23 29 50 56 140 182 204 271 290 311 313 325 396 626 663 696 697 704 707 743 756 762 762 857 885 893 955 966 994 1014 1053 1055 1114 1123 1156 1166
158 2 152
161 27 55 75 154 299 299 334 677 941 963 978 989 1127 1131
162 3 89 168 300
163 9 271 271
164 7 35 151 590 628 677 1097
165 2 39 152
166 77 35 75 86 152 171 204 214 243 259 261 271 273 274 290 304 417 439 465 545 647 659 659 673 733 789 837 838 859 897 908 959 1157
168 7 299 663 742 789 857 993
169 3 28 80 257
171 56 23 35 227 230 299 432 545 559 575 579 644 762 803 853 887 904 907 960 982 1000 1022 1043 1062 1186 1190 1193
172 120 23 285 391 743 744 761 762 856 873 878 975 993 1166
173 332 15 35 86 175 227 230 259 271 271 298 299 304 311 313 314 317 321 322 334 346 372 415 432 447 559 560 575 579 587 600 626 644 647 665 691 697 704 733 742 763 764 769 771 789 794 803 805 813 817 820 823 836 853 857 861 871 873 887 895 904 907 908 913 918 922 935 937 941 945 946 947 948 955 958 959 960 971 972 975 979 993 995 999 1000 1007 1022 1023 1026 1031 1032 1034 1035 1053 1055 1061 1075 1103 1111 1123 1124 1127 1137 1151 1167 1168 1186 1190 1193
175 1 55
176 39 19 29 35 154 271 334 432 647 710 805 857 871 922 948 960 1043 1123 1131 1156 1160 1167 1186 1190
177 16 135 183 228 372 427 677 677 739 820 968 972 1186 1186
178 52 3 182 183 228 271 282 282 313 371 396 405 429 560 564 590 600 616 673 704 719 723 730 798 817 844 895 958 993 994 1014
179 15 135 183 301 304 306 308 348 349 407 549 673 739 756 977 989
180 54 3 80 132 135 182 183 216 271 274 299 349 370 402 677 908 1026 1031 1100 1166
181 2 183 271
182 59 86 183 204 271 271 310 427 590 600 644 647 650 656 667 723 750 805 878 895 971 972 977 982 993 1006 1007 1026 1043 1127 1128 1131 1156 1167 1186 1186
185 3 214 321
187 32 29 36 86 135 214 228 243 285 322 348 373 394 545 600 601 657 658 664 706 733 760 761 779 932 977 989 1151
188 3 214
189 1 214
190 2 214 370
191 3 214 372 802
192 16 28 39 56 214 308 379 406 432 549 586 600 756 857 932 936
193 19 86 204 228 325 358 402 417 439 465 549 656 733 974 1186
194 3 259
197 6 152 259 1075 1111
199 11 579 1186
201 20 36 55 75 80 252 271 282 549 681 705 706 760 817 823 956 1023 1026 1043 1123 1186
202 3 135 301 427
203 26 259 299 407 600 1075 1111
204 10 439 611 756 1151 1165
205 9 86 140 150 152 282 600 613 658
208 3 28 219 626
209 9 259 271 626 686 696 697 1123 1186 1190
211 1 517
215 84 28 35 178 216 252 257 271 282 298 299 299 306 310 321 332 348 350 517 559 636 663 684 784 836 904 943 956 985 993 994 1018 1103 1124 1141 1156 1186 1193
216 7 86 321 895
217 1 219
218 1 55
221 10 28 135 282 339 341 348 390 402 590 604
222 3 28 348 1151
223 17 3 28 80 226 257 301 325 341 348 356 358 422 427 590 607 636 882
224 10 28 152 271 282 402 407 806 857 994
225 1 28
226 13 28 28 55 298 439 789 977
227 4 28 35 271
228 7 28 282 282 299 391 415
230 6 28 171 298 559
231 44 28 35 86 132 175 178 228 236 255 280 321 379 391 396 402 439 549 560 600 611 613 617 650 656 657 673 686 739 756 956 1080 1193
232 19 28 178 228 271 282 402 600 665 737 739 742 857 857 960 1023
233 1 28
234 1 28
235 2 28 271
236 39 28 80 150 151 178 182 232 257 271 282 282 300 306 308 310 319 325 348 349 356 406 428 581 586 590 592 600 611 622 636 656 684 725 746 749 844 857
237 35 28 28 56 75 178 271 282 373 391 465 560 581 587 636 746 765 1034
238 3 28 358
239 1 28
240 2 1151 1152
241 8 132 271 282 325 626 802 864 1186
242 1 407
243 1 250
244 3 56
245 1 243
247 5 232 341 421 422 428
249 13 15 302 700 784 1006
251 4 80 310 432 719
253 1 257
254 15 55 75 228 257 313 677 706 739 756 857 864 881 895 1190
255 87 29 35 36 257 259 271 271 280 282 299 306 310 317 317 319 325 371 405 432 439 549 564 567 581 600 607 608 624 627 628 631 633 636 637 643 656 657 658 659 659 667 668 673 673 675 677 677 681 697 706 719 723 725 730 739 743 746 748 749 760 763 765 765 779 789 798 817 864 878 993 1123 1166
256 8 80 226 257 282 298 626 644
257 5 19 132 271 377 981
258 6 261 271 273 1062
259 42 227 271 299 356 432 579 600 626 769 803 817 853 893 959 1075 1111
260 7 258 261 285 285
261 6 258 286 339 405 607 609
263 21 80 182 271 271 271 282 339 733 746 762 893 918 1123
264 1 271
265 30 29 35 49 75 150 271 282 447 600 675 677 700 737 748 827 1007 1131
266 13 271 429 665 715 836 844 935
267 1 271
268 3 178 271 935
269 26 3 86 271 271 321 339 348 396 429 439 440 549 609 697 704 730 789 817 895 972 977 994
270 14 271 853 935 937
273 5 34 151 258 348 392
275 47 15 28 75 80 152 182 224 274 282 299 356 405 417 590 604 650 656 657 664 667 946
276 4 132 802
280 76 15 56 56 132 152 178 271 290 299 304 308 317 372 407 407 415 421 422 431 433 447 488 566 567 579 626 667 677 697 719 739 789 794 795 813 817 820 908 966 977 989 991 994 995 1007 1014 1043 1053 1123 1151 1186 1186
282 32 19 132 140 204 224 228 236 255 280 286 428 440 560 564 566 567 579 590 592 604 606 607 609 656 664 675 762
283 2 132 771
284 1 299
285 5 286 763 993
290 61 35 204 214 271 372 633 765 887 908 946 959 974 1131 1164 1165
291 30 299 346
292 5 3 178 299 945
293 3 282 299
295 4 56 300
296 4 243 415 560
301 1 362
302 9 75 94 349 359 370 389
303 1 80
304 64 29 86 271 313 317 322 696 704 742 761 761 763 789 795 810 820 907 908 945 963 966 971 972 978 981 989 1014 1023 1026 1053 1123 1131 1164 1165
305 6 322 659 715 1014
306 215 8 29 36 86 204 228 255 271 271 282 298 308 310 311 313 317 319 322 325 332 371 406 415 429 439 549 566 567 587 600 609 613 636 637 643 656 659 659 664 667 673 675 677 681 682 684 697 700 704 706 707 715 719 722 723 730 733 739 742 743 746 748 749 750 756 760 762 765 794 795 798 810 817 857 863 868 878 881 895 896 907 908 913 936 956 958 960 963 971 972 974 978 978 993 1007 1018 1022 1026 1032 1039 1043 1141 1157 1166 1167
307 4 55 75 322 377
308 144 15 29 35 36 86 204 204 228 243 271 271 299 304 311 313 317 321 322 350 417 425 439 447 465 545 549 579 600 626 643 644 647 663 673 697 704 707 710 730 733 739 746 750 762 789 813 817 838 844 853 857 859 861 878 895 908 913 941 948 958 959 960 972 974 978 978 982 993 994 999 1022 1026 1034 1038 1039 1055 1062 1127 1131 1156 1157 1167 1193
309 1 322
310 236 35 36 56 56 86 171 204 243 271 271 299 304 308 313 317 317 322 324 332 338 350 407 407 407 429 432 432 439 447 488 549 600 626 633 637 659 665 674 677 682 686 697 704 707 710 719 723 725 730 733 739 742 748 749 756 760 763 765 769 779 784 789 794 798 805 806 813 817 844 857 857 868 871 878 893 904 918 922 932 935 936 945 946 947 955 958 966 972 985 989 989 991 993 994 995 999 1006 1014 1032 1039 1061 1103 1111 1123 1125 1128 1131 1164 1166 1167 1193
311 312 29 35 56 56 72 86 243 259 271 271 299 304 313 317 317 321 322 324 407 407 432 439 447 465 488 626 637 643 647 663 674 697 704 705 707 710 722 730 742 762 762 765 769 784 789 795 805 810 826 844 857 859 861 871 878 887 893 895 907 908 922 930 936 937 937 937 941 943 946 955 956 958 971 972 978 981 985 989 993 994 995 1006 1014 1022 1023 1026 1030 1031 1034 1038 1053 1055 1097 1114 1123 1125 1128 1151 1152 1160 1164 1166 1167 1186 1186 1193
312 223 8 29 36 86 224 227 228 255 271 271 282 304 306 308 310 311 313 317 319 321 322 325 332 334 338 406 407 429 432 439 447 488 545 549 575 579 600 624 626 628 631 636 643 644 647 656 657 658 664 667 668 670 673 673 674 675 677 677 681 682 684 686 691 696 697 700 704 705 706 707 710 715 719 722 723 725 730 733 739 742 743 746 749 750 769 784 789 794 795 798 802 803 805 806 813 817 820 822 837 838 839 844 849 857 857 861 864 866 868 878 881 882 885 887 893 895 897 918 929 932 936 937 941 943 945 948 956 958 959 966 972 977 978 978 981 982 985 989 991 994 995 999 1006 1007 1014 1023 1030 1035 1039 1043 1061 1062 1125 1127 1128 1141 1144 1152 1156 1164 1165 1168 1186 1186 1190 1193
313 41 29 35 56 290 322 644 697 704 761 762 795 857 871 941 958 959 974 978 981 999 1026 1151
314 1 322
315 70 8 36 72 214 259 299 308 317 322 407 488 637 643 659 663 673 677 730 742 749 765 779 798 802 817 838 844 857 857 863 864 873 878 881 885 893 895 930 942 943 963 985 993 1038 1123 1127 1156 1166 1186
316 3 322 559
317 126 29 35 36 204 228 271 271 298 299 304 308 311 313 321 322 334 429 432 439 447 488 545 579 626 637 643 644 647 663 677 686 696 697 704 707 730 742 762 769 789 794 795 805 813 820 823 826 844 849 853 857 857 863 864 868 871 878 887 895 918 932 941 948 956 958 960 971 972 981 989 991 993 994 995 999 1007 1014 1022 1023 1026 1032 1039 1053 1055 1062 1075 1123 1125 1128 1167 1190 1193
318 2 271 322
319 193 8 15 39 182 204 214 255 271 271 280 282 290 299 306 310 311 317 322 325 370 371 379 403 405 407 407 429 439 587 590 592 600 622 627 633 637 647 656 659 659 673 673 675 704 706 725 730 733 739 746 749 765 765 789 798 803 805 813 817 822 826 844 857 878 904 907 908 922 936 955 967 971 972 978 981 993 995 1023 1026 1035 1038 1103 1152 1164 1167 1186
320 3 243 1080 1186
321 22 35 86 271 308 311 439 488 696 704 750 769 817 895 918 945 958 966 971 972 1023 1026 1190
323 1 80
324 13 80 135 704 739 742 746 789 817 966 1026
325 15 428 560 590 607 739 1031
326 9 80 140 152 282 348 407 488 549
327 7 80 232 282 311 857 918 1053
328 10 75 80 299 325 356 373 626 789 1026
329 3 135 228 733
331 2 94
333 1 55
334 41 29 36 56 86 271 271 313 317 545 643 697 704 789 822 829 838 839 849 863 864 885 893 918 932 941 945 955 985 989 1014 1023
335 48 15 151 589 737 839 1026
336 28 15 28 75 86 135 151 271 310 325 356 371 439 465 590 600 636 941
337 1 135
338 1 135
339 79 35 36 86 135 140 150 224 226 227 236 243 259 271 271 282 282 334 341 373 377 379 394 402 439 549 560 600 609 611 613 616 624 627 628 631 643 644 647 659 659 668 673 675 706 719 725 730 733 746 750 762 803 817 822 853 863 881 885 893 895 918 936 941 959 1053 1080 1186 1186
340 30 86 135 151 178 232 271 271 282 282 304 396 439 440 564 627 628 656 663 885 918 932 937 945 963 972 985 1007
341 12 135 151 348 362 370 396 431 829 1007 1186
342 2 55 135
343 4 135 282 656
344 3 75 135 348
345 8 39 228 282 348 371 567 581 600
346 27 348 403 659 765 853 936 1166
347 6 407 1165
348 19 86 271 325 439 686 697 704 769 817 878 941 981 1022 1128 1156
349 1 613
350 2 356 696
351 11 86 325 339 356 439 733 893
352 5 75 325 356 756
353 1 356
356 16 55 259 282 299 579 769 993 1043 1186
357 2 339 358
362 1 363
363 3 362
364 11 75 370 658 670 1007
365 5 75 152 370 377 391
366 11 28 49 282 299 370 377 379 391 656
367 4 75 370
368 1 370
371 117 29 56 56 72 72 86 204 204 228 255 271 282 299 304 310 313 317 373 432 432 439 447 567 590 600 627 643 658 659 664 677 686 704 717 730 733 737 739 746 756 762 762 789 823 844 849 857 868 878 881 882 885 895 897 936 945 958 960 977 991 1023 1026 1031 1032 1044 1053 1157 1186 1186
372 2 373 391
374 3 377 419
375 1 377
376 36 35 36 86 299 310 311 325 350 377 394 636 643 697 706 789 817 977 985 999 1023 1026 1043 1127 1167 1193
381 2 243 622
382 1 243
383 19 140 182 243 560 746 1166
384 1 243
386 1 310
387 3 259 600 817
388 1 15
393 1 394
395 37 35 282 321 396 967
397 1 402
398 6 402
399 6 271 402 560 579 715
400 8 271 299 321 402 686 769 1044
401 1 402
403 18 75 402 425 739 974 1166
404 5 402 403
405 17 56 271 402 637 658 677 697 1030 1053
406 33 178 236 255 282 306 310 319 325 402 440 538 560 636 667 668 670 675 677 681 684 756
407 101 72 72 204 204 298 308 372 402 415 429 579 673 696 697 722 762 763 844 887 937 946 958 989 993 1000 1014 1049 1111 1141 1164
408 1 402
409 1 402
410 5 140 402 407 431 433
411 1 402
412 21 151 178 290 403 560 681 715 838 844 859 868 937 1151
413 1 402
414 2 415 656
415 4 35 405 549
416 2 226 560
417 8 422 431 433 435 974
418 1 140
423 6 214 427
424 6 310 427 428 838 857 893
425 49 204 280 285 427 1165
426 26 39 49 75 151 152 178 182 232 236 282 341 427 431 433 440 506 517 524 538 560 566 567 586 589 592
427 6 259 820
429 3 837 839 1049
430 5 49 49 151 431 991
432 155 36 178 308 310 317 321 332 403 407 429 433 559 618 637 664 665 675 691 697 700 715 719 722 723 743 749 765 769 798 802 813 817 837 839 844 861 864 868 895 960 978 993 999 1031 1039 1044 1049 1055 1103 1186
434 6 435
436 1 232
437 1 232
438 1 178
439 8 86 178 271 271 644 733 895
440 8 28 49 178 236 282 538 560
441 1 178
443 1 28
444 2 28 55
445 4 271 524
446 1 28
447 8 350 417 1049
453 1 192
454 6 28 49 75 506 517
455 1 28
456 3 817
457 640 15 35 155 227 271 271 290 298 299 311 545 559 575 587 608 633 663 696 697 707 722 737 741 762 762 763 764 789 810 826 836 856 857 861 871 873 904 908 922 935 941 946 959 960 975 993 1000 1018 1022 1055 1061 1062 1103 1111 1151 1159 1167 1193
458 3 105 271 1053
460 2 28 75
461 2 28 75
462 2 28 75
467 7 214 368 849 1151
469 8 608 893 1186
473 1 105
476 1 477
479 6 86 243 545 549 978 1026
488 4 86 105 271 549
489 3 105 514 524
490 1 105
492 1 299
493 2 299 739
494 3 75 299
495 3 282
497 1 152
498 1 75
499 11 86 560 626 789 829 893 999 1080 1186 1193
501 9 325 664 704 749 817 887
502 2 86 417
504 1 49
509 1 514
513 2 636 739
516 1 517
519 1 524
520 1 524
521 5 407 524 1018
522 1 524
523 1 524
530 5 86 313 549 733 958
536 1 75
539 2 75
540 1 75
541 3 49 55 75
542 7 15 75 228 243 372 549
543 1 55
544 2 55
545 25 35 55 243 299 334 644 647 710 803 960 978 999 1026
546 107 55 290 372 415 417 761 762 762 763 764 908 937 946 974 1034 1151 1164 1165
547 1 55
548 1 55
549 3 55 243
550 1 55
552 2 49 1026
553 19 259 560 600 626 769 893 1186
554 4 560 1103
555 3 560 893
556 117 15 35 86 150 224 227 228 230 255 259 271 271 282 299 321 372 405 407 432 439 560 600 611 617 624 626 627 628 631 643 650 656 657 658 659 659 665 667 668 675 686 697 710 722 730 733 769 803 817 849 853 857 863 878 893 895 897 945 993 999 1044 1053 1075 1111 1123 1144 1164 1186 1190 1193
557 1 560
558 1 560
559 3 560
560 8 271 440 559 748 750 760 1080
561 3 56 236 282
562 1 282
563 1 282
564 13 150 255 282 282 310 311 604 656 673 730 739 756 895
567 2 371 584
568 1 567
569 1 567
570 3 56 567 581
571 1 567
572 2 567 1111
573 1 567
574 3 567 587 673
575 3 152 765
576 1 152
577 1 152
578 1 152
579 3 626 1127 1186
580 28 182
582 29 56 589 1185
583 9 56 86 372 628 633 737 789
584 5 371 590 604
585 3 310 371
586 8 86 151 403 439 667 673 733
587 14 35 589 704 794 922 941 972 991
588 23 35 587 587 589 859 922 941 947 959 999 1035 1193
590 8 36 282 429 579 829 1026 1062
591 2 592 673
592 8 224 280 282 611 624 628 657 863
593 1 39
594 1 39
597 2 86 151
598 1 151
599 1 151
600 171 15 29 35 36 86 227 228 243 259 271 271 282 290 299 308 311 313 321 350 407 439 488 549 579 601 626 637 647 677 704 706 722 723 730 733 739 742 746 749 750 760 762 763 769 794 798 803 817 844 853 859 864 878 885 893 895 907 932 946 960 999 1023 1026 1049 1053 1075 1103 1111 1165 1186 1186 1193
601 9 321 600 803 1152
602 1 604
604 8 310 325 600 636 725 746 960
605 1 280
606 3 280 607 611
608 3 609
612 1 613
614 7 549 600 616 659 659 715 798
615 27 150 255 282 306 319 325 432 616 617 622 624 627 628 636 650 656 657 664 668 675 677 684 700 719 739 750 760
616 1 282
618 8 282 407 600 673 844 857 895 955
620 10 86 622 628 643 673 778 881 882 979
624 2 627 628
625 3 624
626 31 35 86 259 282 299 432 439 579 600 627 673 707 733 802 803 817 893 960 993 1000 1141 1167 1186 1193
632 1 282
633 48 86 255 271 271 282 298 306 310 311 313 319 407 439 600 626 636 644 656 704 706 746 749 760 769 789 798 817 820 857 863 893 982 1026
634 106 15 35 271 282 290 290 334 545 579 608 626 644 647 686 697 737 803 813 844 853 887 935 936 941 946 948 958 993 999 1006 1044 1164 1186 1186 1190 1193
635 52 29 35 271 271 282 285 299 304 317 432 587 600 643 656 659 704 710 722 730 779 803 857 863 937 958 982 991 1014 1026 1035 1131 1160 1166 1186 1193
636 9 271 282 663 715 739 750 806
637 26 271 282 311 317 742 762 789 838 857 863 937 977 1014 1026
638 1 282
639 28 86 271 313 439 668 674 696 719 749 760 761 794 817 823 863 941 943 985 989 1023 1026 1030
640 3 282 644 1186
641 2 282 686
642 3 282 656 657
643 44 72 282 311 313 600 673 715 719 725 733 746 749 750 756 798 823 866 958 972 1023 1026 1053 1123 1151
644 23 35 86 271 282 313 415 425 439 549 636 677 762 863 908 1022 1125
645 17 29 214 271 282 407 407 659 706 817 857 857 863 1186
646 15 762 810
647 29 35 545 587 600 626 739 836 857 985 1031 1053 1123 1186 1186 1193
649 15 304 407 600 650 715 719 723 794 798 878 882 995 1186
650 85 36 259 271 290 308 311 332 429 488 637 657 667 677 682 700 733 748 762 765 779 794 798 806 817 853 859 868 885 895 922 932 936 955 977 982 995 1026 1030 1053 1144 1156 1186 1186
651 1 656
652 2 549 656
653 2 656 958
654 1 656
658 6 255 664 667 1186 1190
659 13 35 86 204 271 417 439 545 761 857 978 1193
661 2 658 1186
662 2 658
663 133 35 36 86 171 259 271 271 299 311 321 439 600 636 637 643 664 667 675 677 684 696 697 700 704 707 710 715 719 725 730 737 739 743 746 750 760 761 762 769 789 794 798 817 822 844 853 857 864 868 871 878 881 887 922 929 936 947 966 971 978 979 985 993 1007 1026 1043 1053 1123 1125 1128 1166 1167 1193
664 6 749 849
665 6 56 667
666 2 665 667
667 18 332 665 1111 1193
672 1 673
673 4 86 271 407 549
674 16 86 271 271 308 310 317 325 675 733 749 857 878 895 972 981
677 2 760 817
679 3 214 407
682 3 310 636 684
684 1 756
686 57 171 334 338 372 644 663 710 769 803 805 826 853 861 943 948 956 966 971 981 985 1022 1032 1038 1039 1043 1062 1128 1144 1165
688 5 310 743
689 27 86 259 299 310 439 644 749 798 1018 1039 1186
690 3 310
691 24 36 306 429 696 817 863 928 937 1043 1186
692 3 306 319 325
693 1 694
695 87 15 36 56 56 86 204 271 290 290 324 325 346 372 439 549 600 691 730 733 737 756 761 762 762 769 789 813 863 893 932 958 971 999 1014 1123 1151 1166
696 2 1026 1125
697 85 15 271 311 313 321 332 600 643 663 691 696 704 730 742 748 789 794 817 859 895 936 941 960 981 982 993 994 1007 1014 1023 1026 1032 1039 1062 1125 1128 1141 1190
698 7 665
699 7 407 407 407 647 978
701 3 15 230 432
703 1 714
704 82 304 308 313 317 579 647 663 673 723 762 765 789 805 857 857 859 873 908 941 948 974 985 993 999 1007 1026 1034 1097 1125 1166
705 23 35 317 317 674 710 795 823 857 878 922 932 941 943 958 978 981 1007 1062 1127
706 56 35 36 259 299 317 407 407 549 579 600 626 663 710 748 765 789 803 817 836 913 978 993 1053 1111 1123 1186 1190 1193
707 110 35 86 227 271 271 290 290 299 311 321 432 579 626 663 696 697 710 742 762 769 784 794 795 803 813 826 853 857 861 904 907 928 941 945 946 948 956 971 977 978 989 989 991 994 999 1007 1023 1026 1030 1038 1039 1053 1055 1062 1075 1123 1131 1167 1190 1193
708 39 29 204 271 271 304 311 317 321 334 407 447 545 696 707 764 784 789 937 937 947 956 958 978 981 991 1031 1039 1114 1128 1141 1156
710 88 15 35 243 271 321 417 644 663 686 697 704 707 769 784 789 795 857 861 937 941 955 960 972 979 989 991 993 1026 1038 1043 1044 1053 1055 1062 1123 1127 1141 1152 1193
712 18 304 795 978 1193
713 2 332 432
715 21 35 227 299 334 644 647 719 803 857 999 1006 1062 1075 1193
716 1 715
717 1 715
718 1 715
719 4 715 723
720 1 715
722 124 36 86 204 246 308 407 429 439 447 637 643 719 723 733 737 746 748 760 762 763 765 769 789 813 817 825 839 844 893 895 904 908 932 935 974 977 991 993 1018 1026 1049 1127 1164 1166 1167 1186 1186
723 1 719
724 3 725
725 4 749 789 859 1006
726 2 739 756
727 19 271 737 739 1186 1186
728 4 600 706 739 817
729 1 739
730 29 35 86 243 271 299 439 600 696 704 733 739 743 749 750 838 893 895 958 989 989 1022 1026 1031 1035 1131 1186
731 1 739
732 3 549 739 857
733 7 86 439 549 739 1026 1151
734 1 739
735 1 739
736 3 439 549 866
737 120 840
738 7 8 86 439 748 979
742 85 72 86 271 298 304 311 317 324 447 643 659 663 697 704 707 722 762 762 769 789 810 817 838 857 863 885 893 941 977 978 978 993 994 1006 1007 1023 1026 1038 1039 1053 1165 1167
744 1 746
745 2 746 750
749 62 86 290 407 559 600 697 730 750 789 798 805 817 878 1039 1186
751 1 756
752 1 756
753 1 756
758 2 760
759 55 35 36 86 259 271 299 311 313 317 429 432 600 626 643 659 704 730 760 762 763 769 789 893 895 963 972 981 995 999 1014 1053 1075 1080 1123 1186 1186 1193
760 1 600
761 7 29 204 304 989
762 42 15 271 600 626 644 659 659 663 691 697 704 789 838 881 895 896 966 993 1026 1053 1123 1186
763 45 579 637 733 765 817 820 893 1049
764 22 549 600 946 947
766 709 72 86 155 204 271 332 346 350 403 549 579 600 608 633 644 659 659 673 706 722 737 749 765 789 817 825 826 856 857 857 871 878 908 946 960 967 968 974 978 1031 1035 1049 1114 1125 1157 1159 1164 1166 1167 1185 1186 1191
767 1 600
768 1 600
769 137 56 171 214 228 259 271 271 290 290 298 311 313 314 321 332 338 350 432 447 559 579 600 626 707 710 722 742 749 802 805 813 817 829 868 887 893 904 922 941 948 958 959 960 974 978 993 1006 1018 1031 1034 1043 1044 1049 1053 1080 1111 1123 1127 1131 1137 1144 1166 1167 1186 1186 1190 1193
770 3 600 893 897
771 7 600 626 893
772 3 600 798 817
773 1 549
774 1 549
775 2 549
776 1 549
780 1 407
781 5 407 673
782 9 8 407 659 673 677 749 798 802 817
783 1 407
784 205 35 56 56 204 214 230 243 290 311 338 346 407 407 407 417 425 647 663 665 697 704 705 705 707 710 765 789 810 856 857 904 908 937 937 946 947 948 963 974 982 985 989 993 999 1006 1007 1014 1053 1114 1151 1160 1164 1165 1166 1186 1186 1193
785 1 407
786 1 227
787 2 86
788 52 15 86 204 243 290 311 317 321 415 417 439 447 545 643 644 696 697 707 733 742 761 762 762 769 859 863 893 895 956 959 963 974 978 978 1023 1039 1131 1156 1157
789 209 35 243 259 271 271 299 304 311 313 317 407 447 637 663 673 697 704 705 710 722 730 749 762 769 794 795 798 817 844 857 857 887 893 937 946 947 959 971 972 978 985 994 999 1006 1007 1026 1053 1123 1156 1165 1167 1186 1193
791 29 35 214 271 647 769 793 794 817 981 1022 1193
792 1 733
794 9 86 271 407 723 789 795 895 982
795 57 171 243 271 271 290 304 311 313 317 321 372 447 579 643 704 723 789 794 853 882 887 895 960 963 993 999 1014 1023 1034 1053 1123 1167
796 5 644 742 798 1031
797 4 644 798 817 868
799 1 802
800 2 802 829
801 4 749 802 838
802 4 432 769 829
803 5 35 659 806
804 6 403 749
805 82 35 171 271 290 313 579 644 704 710 749 789 813 825 857 871 941 946 948 960 993 994 1055 1097 1103 1125 1144 1164 1167 1193
807 1 806
808 2 271 1043
810 19 35 171 171 304 313 647 704 805 817 959 977 989 989 1007
811 3 817
812 3 36 817 822
813 261 72 86 204 298 332 350 407 432 439 559 579 608 691 704 722 733 763 805 817 822 825 859 864 871 878 887 908 937 941 946 947 958 959 968 974 993 994 1018 1031 1035 1049 1055 1097 1137 1157 1157 1166 1167 1186 1193
814 2 817 893
815 2 817 829
816 25 72 227 488 644 742 763 784 817 829 871 993 1193
818 2 822 932
819 1 822
820 9 559 822 1123 1186 1186
821 1 822
822 11 813 1137
823 11 29 313 439 626 677 686 697 789 955 1026 1131
824 1 677
825 139 15 465 737 826 1166
826 218 56 204 290 290 332 372 403 407 415 425 575 633 665 761 765 871 887 908 937 946 948 960 968 993 1049 1055 1061 1124 1151 1154 1165 1167 1168
830 2 829 993
831 12 829 1111
832 2 407 878
836 26 429 665 763 765 993
837 4 230 839
838 34 204 230 308 334 417 506 643 730 810 839 844 857 864 866 878 881 882 885 904 932 1124
840 7 837
841 22 765
842 27 56 171 844 853 935 936 937 945 948 1124 1144 1166
843 1 844
844 35 299 308 313 432 545 579 637 663 730 794 795 805 857 857 935 936 945 959 1007 1026 1043 1044 1053 1125
845 1 838
847 1 838
848 7 228 308 643 838 881 882 893
850 4 1026
851 2 857
852 25 15 86 243 417 545 579 762 762 857 913 991 993 1053
853 14 230 299 488 663 674 697 789 857 868 904 985
854 56 15 863 968 972 981 1127
855 1 1014
856 30 825
859 7 86 308 959
860 7 228 308 317 317 643 730 955
861 16 204 308 579 707 762 941 1026 1038
862 3 637 849 897
863 1 637
865 45 35 86 228 243 407 626 730 866 882 893 895 897 929 936 945 1026 1080 1092 1144
867 1 868
869 9 674 882 941 1006 1190
870 37 86 171 243 271 271 298 299 559 579 674 730 733 761 857 861 887 896 993
871 47 35 299 311 697 710 717 784 805 826 857 941 943 960 971 982 999 1055 1062 1167 1168 1193
872 26 271 465 686 974 993 1044 1164 1166
873 4 643 730 849
876 1 878
877 2 313 878
879 108 35 259 432 608 737 810 825 881 1166
880 1 881
882 7 271 317 317 897 963 985 1053
883 2 730 1043
885 6 794 977 995 1144
886 2 643
887 1 863
888 1 863
889 1 863
890 1 863
891 1 863
892 1 893
895 2 86 794
896 25 86 439 696 897 1053 1123 1125
897 1 227
898 7 86 1026
899 22 403
900 5 228 407 1193
904 59 35 171 230 259 407 407 559 575 763 928 982 993 999 1014 1031 1103 1151
905 1 86
907 6 259 704 733
908 6 439 958
909 6 86 439
910 2 86 439
911 24 86 243 271 271 304 321 439 447 626 697 704 769 789 794 795 918 932 958 1039 1044 1053 1080 1123 1131
912 8 86 214 439 929 955 994 1053 1123
913 3 86 439
914 6 271 304 407 439 989 1131
915 7 86 918
916 3 86 559 1186
917 1 86
918 15 86 321 334 665 763 1000 1075
919 1 86
920 10 86 407 407 545 941 1026
921 7 86 545 761 978 978
922 147 35 204 259 290 299 334 415 579 587 647 691 710 761 762 763 803 826 861 871 887 904 908 913 922 928 930 937 941 943 946 974 978 982 993 1000 1022 1031 1034 1035 1055 1062 1103 1111 1137 1151 1156 1160 1164 1165 1167 1186 1193
926 5 243 769 932 1131 1141
928 13 579 762
931 2 665 932
932 1 665
933 10 317 704 795 999 1014 1103
935 19 290 853 936
937 33 271 271 795 955 958 981 1053 1061 1061 1123 1127 1151 1152 1156
938 2 966 972
940 1 682
941 74 35 56 171 227 290 299 311 334 417 579 647 682 691 697 861 907 922 928 971 978 1034 1062 1127 1151 1193
943 28 35 243 271 299 313 826 918 922 945 955 960 1023 1164 1167 1193
944 5 271 945
946 85 35 56 72 204 271 271 311 334 350 403 579 663 697 704 707 722 762 762 765 857 859 887 937 947 985 993 1018 1031 1035 1049 1062 1125 1166 1186 1193
947 21 271 697 737 764
948 26 271 633 1156
949 9 56 271 425
950 8 918
954 8 626 904 985 1131 1186
956 40 56 271 299 311 321 417 663 686 696 697 722 742 764 765 784 823 857 958 978 993 1023 1026 1031 1039 1053 1123 1131 1190
957 3 304 958 1023
959 10 259 313 545 978 985 1026
960 17 313 626 663 696 697 805 1000 1034 1125
961 11 966 1031 1049
962 3 966 1186
963 3 966
964 4 966
967 12 243 697 742 972
968 5 972
969 2 972
970 10 338 626 784 857 972 1022 1144 1156
971 53 35 171 271 299 311 317 321 334 663 710 762 789 794 805 857 871 937 941 956 972 979 982 1006 1014 1131 1152 1159 1167 1193
973 1 977
974 30 15 204 417 762 977 1166
975 8 977 993
976 1 977
978 54 35 56 171 271 290 304 415 545 644 761 805 908 956 959 979 989 993 1022 1026 1031 1062 1114 1125 1156 1193
981 16 271 304 626 696 697 704 789 857 1053 1123 1164 1193
982 32 338 663 705 794 857 887 937 1043 1125 1144 1152 1156 1190
984 4 644 704 789 995
985 5 35 704 789 857 1193
986 50 35 171 332 334 626 704 722 789 791 805 922 946 948 960 985 993 1062 1166
987 2 304 989
988 257 204 290 332 465 633 722 737 762 856 859 922 959 974 982 1018 1049 1166 1185 1186
990 1 991
992 1 794
993 233 35 56 171 214 298 299 304 311 317 334 403 415 579 587 626 663 697 722 761 762 765 789 805 813 826 836 857 871 873 887 908 935 937 946 947 948 956 959 975 995 999 1000 1014 1022 1026 1031 1035 1061 1097 1103 1111 1125 1151 1164 1165 1166 1167 1168 1190
994 42 15 35 304 311 321 663 696 697 707 710 742 762 789 805 995 1007 1023 1026 1039 1160 1193
996 279 15 56 204 259 290 332 334 350 403 425 587 608 633 644 647 722 762 764 765 813 820 859 907 946 947 959 968 971 1018 1035 1049 1061 1166 1185 1186
998 25 243 372 579 663 686 696 697 789 913 956 971 1014 1152
999 3 432 789 1014
1000 34 317 403 765 789 960 968 1014 1018 1103 1154
1001 1 789
1002 1 789
1003 17 663 789 857 946
1004 8 789
1006 130 35 214 227 230 298 314 338 432 579 686 696 762 762 803 805 813 836 857 861 871 904 935 937 941 948 956 960 963 975 982 994 1007 1014 1023 1026 1030 1032 1034 1039 1043 1075 1141 1144 1167
1008 5 304 1026
1009 43 271 299 311 314 332 334 707 948 994 1023 1026 1026 1043 1125 1164 1165
1010 6 314 948
1011 4 447 1031
1013 9 259 626 644 769 857 937 1014 1044
1016 1 565
1021 1 1026
1022 13 35 243 545 663 978 978 1026 1055 1131 1156 1167
1023 9 311 332 722 742 1026 1167
1024 40 290 425 626 697 825 1026
1025 1 1026
1027 6 311 321 697 1023 1039
1028 6 271 626 697 1053 1123 1186
1029 20 35 243 579 871 956 963 1032 1044 1114 1131 1190
1031 16 311 1186 1186
1032 34 311 647 663 857 993 1039
1033 3 311 956 1053
1034 34 15 271 311 321 372 417 579 857 907 974 1043 1062 1141 1164 1186
1035 10 742 947 1190
1037 50 204 415 417 686 722 859 908 946 947 960 1039 1144 1167
1038 6 271 545 707 710 1039
1039 6 407 989
1040 1 1038
1041 31 896 913 1038
1042 38 332 769 856 1043 1137
1043 20 350 372 762 763 769 1186 1186
1044 9 769 941 1049
1045 1 769
1046 9 432 647 769 1156 1167 1193
1047 1 769
1048 2 769
1049 3 769 1044
1050 33 35 372 575 697 956 960 975 1022 1053 1123 1193
1051 48 15 290 644 762 938 968 1053 1123 1164 1186 1186
1052 2 321
1055 139 15 56 56 204 227 290 298 321 417 432 579 691 697 737 761 762 762 826 871 908 913 928 948 959 959 960 978 993 1034 1075 1193
1058 1 784
1059 3 784
1060 1 784
1061 2 937
1062 157 35 227 271 321 403 432 644 647 663 705 705 707 710 722 763 764 765 803 836 853 922 935 941 943 946 947 959 975 982 993 994 999 1035 1125 1152 1164 1185 1190 1193
1063 29 35 243 299 971 1167
1064 14 243 857
1065 8 243 1186 1186
1066 5 243 271 1044 1131
1068 3 1125
1070 1 1044
1071 1 1044
1072 1 1044
1074 75 686 994
1075 59 15 35 227 259 407 432 579 686 763 825 853 907 971 1018 1111 1127 1140 1157 1165
1078 5 259 271 626 1075 1193
1079 2 271
1080 5 271 959
1081 1 271
1082 4 271
1083 2 271
1084 3 338 626
1085 3 259 626
1086 8 579 626 665 1151 1152
1087 1 626
1088 1 626
1089 2 1152
1090 2 943 1186
1093 2 1080
1094 2 1080
1095 10 959 1080 1103
1096 1 1080
1097 93 15 56 204 417 737 762 762 805 856 941 993 1049 1080 1193
1098 260 56 285 350 722 764 859 946 947 959 967 993 1018 1049 1080 1103 1166 1186
1099 8 559 1080 1103
1100 2 1080
1101 1 1080
1102 13 1080 1103
1103 6 993
1106 1 15
1111 42 15 259 299 432 722 803 922 959 959 993 999 1075 1193
1113 4 1075
1114 40 171 171 230 299 334 663 705 705 710 853 922 941 971 978 978 985 989 1062 1140 1144 1160 1193
1120 1 1123
1124 17 350 696 859 993 1031
1125 22 608 663 696 737 805 960 993
1126 2 214 696
1127 58 35 465 559 579 665 941 1049 1127 1128 1166
1128 10 35
1129 53 171 290 415 545 691 761 761 813 887 913 941 959 960 978 993 1022 1031 1131 1156 1167
1130 1 1131
1132 42 56 204 259 338 425 665 971 993 1193
1133 282 15 171 230 298 299 346 545 608 633 663 737 761 761 762 805 825 913 922 989 1022 1026 1055 1156 1159 1165 1190
1134 3 989
1135 112 171 204 299 332 334 407 407 545 579 644 647 710 722 765 805 813 836 887 908 922 937 943 960 971 975 978 989 993 999 1014 1049 1097 1152 1164
1137 104 56 72 298 350 432 579 644 763 813 887 963 994 1049 1103
1138 2 805 994
1139 2 994 1043
1141 2 545 1193
1142 28 417 425 579 762 871 960 993 1043 1097 1166 1167 1186 1186
1143 15 56 372 579 968 1043 1186 1186
1144 7 941 1006 1125 1190
1145 2 1125 1186
1146 1 663
1147 3 663
1148 1 407
1150 8 1152
1151 460 15 56 56 204 214 230 290 290 332 350 372 403 415 465 587 608 722 737 761 763 764 765 836 859 871 904 908 937 947 967 968 974 975 993 1000 1032 1035 1049 1061 1097 1103 1111 1137 1152 1164 1166 1185 1186 1191
1155 1 1156
1156 2 762 1022
1157 1 1156
1158 1 1156
1159 2 930 1165
1160 24 35 171 227 299 334 432 810 853 930 941 971 978 1022 1167 1193
1164 23 290 407 857 908 993
1165 13 857 871 993 1014
1166 318 204 214 332 346 350 372 403 608 633 737 761 762 762 763 764 765 825 857 887 946 959 993 1031 1049 1097 1164 1165 1185 1186
1167 78 35 171 710 762 805 810 826 857 871 904 908 971 978 982 985 993 1022 1164 1186 1190 1193
1168 5 1014 1186
1169 24 350 407 856 1061 1186
1170 2 1186 1190
1171 1 1186
1172 1 1186
1173 2 1186 1186
1174 1 1186
1175 2 1186 1186
1176 1 1186
1179 8 15 1186
1182 5 299 922 941 1006
1183 8 425 1186
1184 57 56 72 204 214 403 765 1018 1166 1167 1186
1185 25 56 762 937 1151 1167 1186
1187 1 1190
1188 2 1190
1189 1 1190
1190 4 15 417 974
1192 1 1192
1193 23 15 35 290 762 859 871 887 928 959 1031 1062
1195 5 259 805 1006
1197 3 1006
1198 2 1006
1199 2 922 941
1200 92 56 403 633 765 856 941 993 1166 1167
1201 32 35 298 545 644 941 978 982 1193
1202 68 56 559 587 722 871 887 904 907 941 1000 1032 1111 1151 1186
1203 20 334 887 941 963 1165
1204 58 171 290 432 710 803 853 922 941 943
1205 1 941
1206 1 941
1207 24 941 1062 1193
1208 1 941
1209 1 941
1210 221 35 56 72 204 230 298 334 350 372 403 633 644 722 737 762 762 763 764 765 803 840 935 937 941 947 993 999 1000 1034 1035 1049 1061 1103 1111 1127 1137 1164 1166 1185 1186 1193
1211 66 171 579 710 761 762 908 941 993 1031 1151 1193
1212 2 941
1213 1 941
1214 2 922 941
1215 40 15 72 762 941 947 1035 1186
1216 1 941
1221 75 545 587 633 765 791 803 887 907 908 1035 1137 1164 1193
1223 1 922
1224 1 922
1225 1 922
1226 1 922
1227 1 922
1228 9 922
1229 1 922
1230 31 290 710 763 922 993 1062 1164 1167
1231 1 922
1232 1 922
1233 9 826 907 922 937 1151
1234 15 35 171 545 922 943 978 978 1167 1193
1235 20 35 227 299 717 762 922 963 1127 1193
1236 98 290 407 425 763 871 922 928 948 960 971 993 1000 1035 1103 1164 1166 1167 1168
1237 4 35 922 1193
1238 1 922
1241 33 35 230 871 974 978 982
1242 12 72 985
1244 2 805
1245 10 334 545 644 805 982 1062
1246 7 545 644 805 943
1247 69 15 204 298 425 633 762 765 805 960 971 993 1049 1097 1166 1167
1248 22 171 545 928 1160
1252 2 171
1253 21 861 993 1022 1164
1254 1 1062
1255 1 1062
1256 1 1062
1257 1 1062
1258 1 1062
1259 41 35 227 334 791 853 943 1062 1075 1166 1193
1261 6 298 407 763 1165
1262 2 982
1267 61 579 665 722 763 935 968 993 1018 1103
1271 2 943
1278 51 35 644 710 717 853 907 960 971 978 993 1127 1167 1193
1279 126 35 171 227 259 332 575 579 644 710 717 762 762 762 771 813 826 871 887 907 948 959 959 960 971 978 978 1000 1022 1032 1055 1075 1154 1166 1167 1185
1281 10 946 993 1031
1284 18 935 937 1151
1285 24 15 290 579 853 993
1286 55 35 299 737 765 853 935 1193
1290 15 545 762 871 978 985 1167
1291 34 35 871 985 993 1193
1292 5 35 432 985 1193
1293 26 810 826 871 907 960 971 985 1031 1167
1294 1 545
1295 1 545
1296 9 545 813 1035
1297 48 35 204 290 417 465 545 647 710 762 859 959 974 978 1166 1186 1193
1301 3 334
1302 1 334
1303 1 334
1304 1 334
1305 227 35 56 204 214 290 314 334 403 425 633 647 691 765 803 810 813 825 826 853 856 861 948 999 1022 1127 1154 1157 1166 1167
1306 19 298 334 813 907
1308 4 644
1309 1 644
1310 2 644
1311 2 644
1312 1 644
1316 7 904 993
1318 2 959
1319 185 204 230 290 314 407 415 417 579 691 717 762 764 813 907 908 946 948 959 971 974 993 1014 1035 1103 1127 1151 1154 1164 1165 1166
1320 6 417 647
1322 12 710 946 960 993
1324 1 1029
1325 1 299
1326 6 56 299
1328 1 665
1331 6 35 959 1193
1332 1 35
1333 2 999 1111
1334 1 1193
1335 39 579 935 971 1000 1097 1127 1193
1336 8 665 1193
1337 1 1193
1338 3 1193
1339 4 993 1193
1340 3 665 1193
1341 2 1193
1342 4 1193
1343 2 1193
1344 1 1193
1345 1 1193
1346 2 1193
1349 1 259
1350 114 259 372 407 415 559 579 763 826 908 947 993 1000 1022 1035 1103 1124 1151 1164 1165 1167
1351 1 259
1352 118 230 259 285 298 314 372 559 717 761 763 887 904 908 928 937 963 971 993 1000 1103 1111 1124 1164
1353 24 259 1075 1111
1354 5 259
1355 3 259
1356 18 259 960
1357 84 259 298 403 417 425 579 813 871 887 907 960 963 971 1022 1032 1127 1164 1166 1167
1358 7 259 407
1359 2 15
1360 10 285 762 763 856
1362 3 771
1365 7 432 1075
1366 1 1075
1367 17 432 856
1368 12 407 959 1186
1373 3 762
1374 385 56 171 204 290 298 425 559 579 608 633 737 762 762 765 826 840 856 896 959 967 974 1022 1034 1049 1103 1127 1165 1166 1167 1191
1377 31 407 826 871 960 1022 1034 1164 1168
1378 13 935
1380 59 230 717 762 871 971 974 975 993 1031 1127 1140 1167
1381 51 813 913 948 993 1014 1164
1384 20 762 1049
1385 24 579
1386 56 298 559 579 763 771 813 836 887 928 935 937 948 960 975 1127 1164
1390 28 290 417 762 1186
1394 6 887 960 1167
1395 192 15 171 298 332 403 407 579 587 722 763 836 840 861 904 935 946 947 959 975 993 1018 1031 1035 1049 1111 1164 1168 1186
1407 3 993
1416 6 1127
1419 29 350 1049 1111
1420 13 761 761
1423 5 826 960
1424 41 826 871 887 907 1164 1167
1428 159 298 415 559 579 665 765 836 873 887 904 908 935 937 975 993 1000 1034 1103 1111 1124 1137 1151 1164
1429 2 963
1436 1 963
1439 9 928 978
1440 1 978
1441 23 407 761 871 904 937 946 978 993 1031 1103 1186
1442 17 314 813 993 1000
1443 3 971
1457 5 813
1462 30 56 56 960 1165 1186
1463 22 403 762 765 1035
1465 8 214 1049 1186
1466 24 407 960 1055
1467 8 971
1468 19 290 346 762
1469 4 971
1470 115 15 72 290 737 762 871 887 904 946 959 971 974 1151 1164 1166 1167
1471 45 204 425 579 861 871 907 948 960 971 1034 1167
1472 1 907
1473 70 204 372 403 425 579 763 907 908 960 993 1111 1164 1166
1474 2 907
1480 44 372 763 896 993 1000 1103 1165
1482 26 415 908 1034 1035 1151 1164
1483 51 290 579 771 813 826 871 887 960 1055 1167
1487 115 171 230 298 372 407 559 575 579 763 887 904 913 928 935 1034 1124 1165 1168
1489 41 579 993 1103 1164 1167
1492 159 72 171 230 298 575 579 691 763 764 826 861 871 887 935 937 948 993 1000 1022 1032 1034 1035 1055 1103 1151 1164 1167 1168
1493 1 1167
1494 1 1167
1495 10 1164 1167
1496 190 15 230 417 579 633 722 763 764 765 825 887 908 913 946 993 1000 1035 1097 1103 1151 1164 1166 1167 1186
1497 18 771 959 1167
1498 4 1167
1499 10 1167
1500 26 633 737 859 960 1097 1167
1501 19 871 946 993 1000 1103 1167
1505 3 935
1506 34 559 771 974 993 1032
1510 16 771 871 960 1032
1519 1 1032
1520 3 1018 1032
1521 104 298 403 579 871 904 937 993 1000 1049 1097 1111 1151 1166
1522 90 15 332 415 465 608 608 762 763 871 947 993 1103 1151
1525 33 298 579 665 763 960 1000 1103
1526 4 904 960
1530 10 72
1537 72 56 737 762 762 856 1151 1164
1538 75 15 298 372 415 559 691 904 928 937 1000 1103 1124 1165
1540 1 771
1541 1 771
1542 237 15 332 722 737 762 771 859 873 959 967 993 1035 1103 1111 1159 1185
1547 27 722 887 913 968 993 1097
1549 522 15 56 56 171 204 214 290 298 332 350 407 417 465 579 633 722 737 761 762 762 763 764 765 825 840 856 859 887 904 908 935 937 946 947 959 974 975 993 1000 1018 1031 1034 1035 1049 1097 1103 1111 1137 1151 1157 1164 1165 1166 1186
1550 20 608 1031 1157
1552 50 407 935 968 993 1014 1049
1553 10 56
1555 67 350 407 415 579 813 887 904 913 937 948 993 1034 1097 1164 1165
1560 2 1049
1564 27 290 764
1565 7 813 993
1566 42 813 937 993 1097
1571 23 56 975 1031 1035
1582 9 993
1583 78 290 465 762 764 993 1097 1111 1154 1166
1585 80 204 290 290 415 425 908 913 935 959 1031 1035 1097 1151 1164 1165
1587 4 171
1588 1 948
1589 6 861 948
1592 25 425 993 1186
1594 108 171 298 372 559 575 579 762 763 825 887 904 913 935 937 975 993 1034 1103 1124 1164 1168
1596 31 633
1601 4 861
1603 8 1018
1605 10 559 691 1168
1606 4 861
1607 2 861
1608 344 15 214 230 290 290 298 332 350 403 407 415 559 575 587 633 665 737 761 762 763 765 836 859 887 904 908 913 937 947 959 968 975 993 1000 1031 1034 1035 1049 1061 1097 1103 1111 1124 1137 1151 1165 1168 1186
1613 12 763
1614 71 204 204 214 372 579 665 763 836 993 1000
1615 109 171 298 372 415 559 575 579 761 763 887 908 928 935 937 946 993 1000 1034 1103 1124 1137 1151 1164 1168
1616 1 928
1621 76 836 946 947 993 1031 1035 1049 1111
1622 39 15 415 1034
1623 36 407 737 887 993 1014 1049
1631 5 1165 1168
1634 1 797
1635 1 797
1638 3 1103
1639 36 935 1186
1641 2 1035
1644 46 15 56 230 737 762 762 1049 1186
1647 15 417
1650 1 887
1661 36 15 415 974 1026
1662 4 856 1124
1664 3 579
1667 32 737 1049
1668 5 1186
1670 16 913 1124
1671 1 913
1674 7 633
1684 9 403
1688 24 825 935
1689 2 1031
1691 47 372 425 967 1049 1191
1692 2 372
1693 6 935 993
1697 42 15 633 762 993 1164 1186
1700 48 290 415 762 762 908 937 993 1151
1701 98 15 56 214 608 737 1031 1035 1186
1703 1 230
1704 1 230
1705 44 214 230 403 765 946
1706 4 230
1707 29 230 993
1708 1 230
1709 2 230
1710 1 230
1714 4 993
1716 4 372 904
1717 98 56 72 72 204 214 372 415 665 722 762 762 935 993 1164 1166 1185
1719 10 1031
1720 13 935
1722 14 737 935
1729 15 1124
1730 29 425 559 762 993 1166
1732 16 559 904
1733 40 15 298
1734 47 290 465 764 908
1742 5 935
1748 37 350
1749 63 856 859 904 1097
1751 13 15 214 290 665 1103
1754 18 762 762 1185
1756 82 332 372 587 722 744 763 908 937 946 968 1000 1018 1061 1103
1757 16 993 1137
1760 1 559
1761 1 559
1762 37 559 1000
1766 19 332 722 947 1018
1767 75 15 407 762 937 993 1097 1151 1164 1165
1769 64 214 403 415 765 993 1151 1164
1772 95 56 285 332 763 764 836 937 959 993 1031 1103 1111 1137 1151 1164 1186
1778 4 1164
1781 6 1000
1782 2 1000
1783 58 15 204 761 764 947 974 1035 1103
1784 1 1103
1785 1 1103
1792 11 993 1034
1794 25 1018 1166
1795 41 1166
1800 20 15 993 1111 1151 1186
1803 20 762 859 974 993 1164
1808 103 72 465 722 762 765 946 993 1049 1097 1111 1164
1811 37 722 859 1031 1097
1813 33 465 825
1814 79 290 737 762 856 993
1816 10 1151
1820 90 56 204 290 350 425 762 762 946 993 1097 1166
1822 10 1164
1823 45 737 763 765 935 1035
1835 55 15 959 974 1035 1186
1836 16 214 407 722 859 908 959 1151 1165
1837 26 290 836 993 1137
1838 54 761 764 825 836 908 937 993 1137
1847 46 15 761 959 993
1848 13 836
1855 12 1111
1857 6 407
1868 20 764 836 975
1872 4 935
1875 26 204 1166
1876 1 1111
1881 1 935
1882 1 935
1883 1 935
1885 43 407 765 856 1097
1887 2 763
1888 28 764 993 1031
1891 23 415 762 993 1049 1097 1186
1892 5 407
1896 50 285 403 836 947 1035
1897 1 763
1899 6 1165
1908 9 993 1137 1164
1915 16 15
1918 18 764
1919 113 56 56 214 290 332 403 407 415 587 665 764 765 836 859 908 937 946 947 959 975 1061 1151
1922 126 204 290 465 587 633 946 1097
1925 22 974 975 1111
1927 2 665
1931 14 1186
1943 3 407
1944 1 407
1945 2 407
1946 1 1165
1947 7 1165
1948 8 1165 1186
1962 27 56 993 1151 1164
1964 10 765
1965 9 937 993
1966 17 290 937
1967 31 665 873 974
1972 184 204 417 465 608 825 974 1159 1166
1976 6 974
1977 33 859 993 1018 1031 1035 1111
1979 2 15 762
1980 44 947 993
1985 57 762 762 946 959 993 1166
1986 13 761 908 993
1991 66 56 350 403 425 633 765 993 1049
1992 16 56 764 937
1993 3 946
1994 1 1151
1995 3 1151
1996 1 1151
1997 88 56 332 415 587 665 761 764 836 873 937 947 968 975 1018 1031 1035 1061 1097 1111 1137 1151 1186
2001 37 415 764
2003 42 762
2005 1 415
2008 1 665
2009 46 350 946 1166
2010 11 665
2011 2 665
2012 3 665
2013 1 665
2014 11 665
2015 1 665
2016 12 417 665
2017 1 665
2018 1 665
2019 1 665
2020 1 665
2021 1 665
2023 1 665
2024 1 665
2025 1 665
2026 1 665
2027 1 665
2029 2 665
2030 1 665
2031 1 665
2032 1 665
2033 13 665
2034 1 665
2035 1 665
2036 1 665
2037 6 665
2038 5 665 1031
2052 13 946 968 993 1097 1186
2061 4 765
2062 118 72 285 332 587 722 761 764 836 873 937 946 947 959 975 993 1031 1035 1061 1111 1166
2063 16 937 1186
2065 45 465 633 959 993 1111 1166
2069 17 1049
2072 121 56 285 332 350 722 859 873 946 947 959 993 1018 1031 1035 1049 1097 1137 1186
2085 28 968 1018 1049 1111
2093 52 350 993 1049 1097 1186
2097 2 993 1018
2102 31 825 993 1166
2103 2 1035
2108 4 1186
2109 27 1186
2110 3 762
2113 5 1154
2114 31 290
2115 12 1186
2116 14 350 587 1166
2117 18 204 993 1049
2118 114 350 417 737 764 765 968 993 1018 1049 1097
2119 4 765
2120 56 332 737 764 765 975 993 1049 1166
2126 1 993
2127 2 993
2128 3 764 993
2129 42 978 993
2130 8 290 993
2131 1 993
2132 1 993
2133 122 56 214 332 350 403 722 765 859 946 947 959 968 993 1018 1031 1035 1049 1097 1186
2134 13 993
2135 143 15 737 762 762 825 993
2142 2 1186
2144 17 15 737
2145 134 947 974 1166
2149 2 975
2156 17 946 1035 1061
2160 11 15
2161 1 761
2163 2 761 873
2168 3 350
2169 32 946 1031 1035
2172 24 332 873 968 1111
2174 49 214
2176 3 873
2178 2 15
2186 57 1111
2187 1 1111
2188 2 1111
2189 1 1111
2190 1 1111
2191 1 1111
2193 8 1031
2197 3 859
2203 1 975
2204 1 975
2206 4 1097
2209 25 204 350 974 1166
2210 16 1061 1140
2217 6 825
2225 36 15 764 856 1049
2226 23 1018 1166
2229 17 633
2230 38 214 332 417
2231 26 15 332 968 1018 1186
2232 2 332
2233 34 56 332 859 959 968 1035 1097 1186
2234 12 825
2236 75 633 762 764 856 946 1061
2237 254 15 204 465 608 737 762 762 974 1166 1185
2240 106 15 204 737 856 947 974 1018 1026 1031 1186
2241 14 1097 1186
2242 3 1140
2249 38 946
2251 23 587 856 1061
2252 15 825
2254 6 946
2255 31 722 859 946 947 959 1031
2256 125 15 56 350 403 425 765 827 946 968 1049
2257 47 737 765 1018 1166
2258 90 762 1026 1166
2264 51 1049 1186
2272 31 56 959 1031 1166
2274 33 332 425 722 856 859 947 1018
2276 21 896 1026
2286 6 1035
2290 95 204 825 827 974 1100 1157 1166
2296 2 214
2297 150 15 204 332 417 425 465 608 737 825 1166
2299 65 56 856
2306 4 1049
2322 15 332 1031
2323 54 15 204 290 417 737 959 1157
2326 249 204 285 417 608 762 825 827 974 1031 1100 1140 1157 1157 1166
2328 205 332 350 403 465 722 744 765 825 859 947 959 968 974 1018 1035 1049 1097 1166 1186
2332 20 633 968 1018 1049
2340 4 56
2346 3 1024
2351 1 1031
2352 2 1031
2353 1 1031
2356 57 465 825 974 1166
2357 12 947 1035
2363 4 1035
2364 10 762 1035
2365 58 856 1035
2366 6 1097
2367 8 1097
2368 17 15 290 1097
2369 134 15 332 737 896 1026
2371 93 214 722 856 959 1166 1186
2375 32 762 765 1018 1049 1185 1186
2376 22 290
2379 46 762
2384 65 15 1166
2387 52 72 737
2398 56 465 968 974
2407 4 332 722
2410 27 15 737
2411 96 417 465 825 974 1166
2416 22 332 762 1018
2417 3 332
2418 1 332
2427 6 859
2435 29 56
2440 43 15 465 737
2469 3 350
2472 76 56 214 350 633 765 856 1049 1154
2473 83 290 350 403 633 765 856 1049
2474 101 56 204 290 403 417 425 633 762 765 1049
2476 35 290
2481 8 155
2485 286 204 290 465 737 762 765 825 856 974 1166 1185
2488 20 825 1166
2497 37 1166
2502 22 1018 1186
2504 82 15 737 762 825 1185
2506 28 350 1186
2507 64 633 765
2508 13 214 290
2510 69 403 765 1166 1186
2511 4 1018
2518 4 1186
2519 1 1186
2520 1 1186
2521 1 1186
2522 1 1186
2523 5 968 1186
2526 1 1186
2527 2 1186
2528 1 1186
2529 1 1186
2535 24 204
2541 27 204 762 974
2542 73 204 403 417 765
2544 9 15
2546 28 968
2547 64 762
2549 63 762
2550 16 765
2555 11 765
2557 77 56 214 403 765 1154
2559 54 214 403 633 765 974 1166
2560 89 204 346 825 856 1026
2564 49 15 72 204 608 737 974
2565 827 56 155 204 214 285 290 346 403 417 425 465 633 737 762 762 765 825 840 840 856 967 974 1026 1100 1154 1157 1166 1185 1191
2567 3 15
2569 5 56 1049
2576 138 56 765 974 1159 1166
2578 13 765
2585 46 15
2587 12 72
2593 26 56 350 765 1049
2594 42 15 417 465 737 856 974 1166
2595 42 15
2596 13 765
2599 9 417 762
2605 58 403 1166
2608 14 765
2612 29 737 765
2613 17 737
2617 22 765
2618 50 856 974 1166
2619 44 15 825
2623 47 15 204 350 403 737
2646 30 425 765 1049
2647 16 56 214
2651 216 15 204 290 403 417 465 608 737 762 825 856 974 1166 1185
2653 102 204 417 608 737 825 1166
2654 56 825
2655 30 15 762 762
2657 35 974
2658 231 155 346 417 762 967 1157 1166 1185
2659 5 417
2660 148 204 285 417 633 737 762 825 856 1140 1157 1166
2667 93 15 633 737 1159
2672 12 350 1049
2674 83 633 825 856 1166
2676 3 214 350
2677 37 840 840
2680 6 896
2686 120 204 417 465 633 825 856 896 1166
2688 516 72 204 290 346 417 465 608 608 633 737 825 856 974 978 1159 1166 1185
2689 34 737
2690 25 633 856
2693 132 15 204 737 856 896 1166
2694 17 417
2696 61 633 737 762 856 1185
2697 45 974
2699 63 608 633
2700 113 204 465 608 825 974 1100 1166
2702 39 204
2703 42 204 633
2704 40 633 1157
2707 100 290 825 856
2708 5 346
2711 2 1166
2713 166 204 417 465 825 978 1100 1157 1157 1166
2719 20 765
2721 2 1049
2722 1 1049
2723 1 1049
2724 6 1049
2725 1 1049
2727 35 737
2737 16 290 856
2740 28 403 765 1154
2744 36 72 896 1154
2746 20 825
2747 65 1100
2752 5 290
2757 3 56
2758 1 765
2760 20 15 72
2765 30 762 765
2768 29 425
2774 45 15
2775 36 15
2778 16 155 214
2788 4 403
2790 145 15 204 417 465 633 762 827 856 974 1166
2791 15 425 1166
2792 17 403 765
2802 3 765
2822 29 214 403 737 762 765 856
2826 1 765
2827 1 765
2831 39 425 1166
2842 93 204 825 978 1157 1157 1166
2851 45 15 737 967
2859 90 608 762 825
2860 5 214
2861 1 214
2862 4 214
2863 5 214
2864 1 214
2865 2 214
2871 165 204 290 465 608 633 737 762 825 1157
2872 54 465 608
2883 18 856
2889 11 737
2900 28 204 290 974
2906 4 554
2909 51 737
2913 9 417
2925 18 425
2932 50 1157
2935 30 425
2940 91 15 825 1166
2948 23 762
2951 14 1185
2953 10 290
2958 48 1026
2964 59 633 825 856 1140
2967 232 417 762 825 974 1166
2968 37 465 762 762 1166
2972 271 15 608 608 737 825 896 1159
2974 15 762
2978 4 856
2981 36 15 608 737
2988 56 737 1191
2998 3 974
2999 6 825
3000 31 1166
3004 3 15
3005 27 290 417 974
3006 29 290 762 856
3007 8 465 896
3009 38 204 417 974
3010 118 465 608 825 974 1166
3020 48 633 856
3024 47 633 1166
3025 4 290
3026 151 290 608 737 825 856 974 1157
3027 31 15 737
3028 99 417 465 608 737 762 825 1166
3031 42 204 974 1166
3032 205 72 737 762 762 856 967 1157 1166
3033 38 1166
3034 38 1157
3037 7 1166
3041 14 15
3053 8 204
3055 42 465 608
3057 36 840 1166
3062 30 633 856
3066 1 290
3081 14 1157
3084 52 465
3088 24 15 737 1026 1157
3092 52 633 737
3095 25 633 856
3098 25 633
3109 4 737
3120 4 285
3125 16 856
3127 12 465
3144 66 204 1166
3147 6 974
3148 18 1166
3150 9 15
3159 8 856
3168 69 762 762 825 1185
3172 13 465
3176 5 72
3180 23 285
3189 9 204 417
3191 55 737
3192 39 608 825
3196 19 856
3199 13 825
3200 8 1024
3209 32 856
3227 20 737 1026
3239 2 856
3246 2 633
3247 1 633
3248 1 633
3249 3 633
3252 33 608 825
3255 3 15
3258 69 608 827 1157 1157 1166
3274 60 72 155
3275 10 1166
3290 29 737
3291 56 465 1166
3293 8 840
3304 31 285
3310 18 1191
3317 15 825
3325 6 417 762
3326 12 825
3333 14 417
3345 36 204 737
3350 55 737
3352 165 417 465 608 608 762 825 974 1166 1185
3373 12 1157
3375 36 737
3378 37 737 762 896
3379 19 417 974
3380 33 204 1166
3381 177 15
3386 11 204 974 1166
3388 11 737 1159
3391 4 417
3394 121 465 737 825 827
3402 88 608 1157 1185
3404 73 465 737 1159
3417 31 762
3439 69 417 825 974 1166
3443 13 15 762
3445 15 15
3447 214 737
3449 306 15 608 737 896 1159 1185
3450 27 1185
3451 49 1185
3452 91 737 896
3453 241 15 72 608 1185
3454 124 608 737 825 1185
3455 59 1185
3456 250 15 608 737
3457 97 608 1157 1191
3458 61 15 737 896
3459 73 15
3461 49 72 1185
3462 36 1157 1185
3463 54 1185
3466 12 1166
3469 21 737 825 1166
3470 21 825 974 1166
3478 42 1159
3479 83 1166
3482 10 825
3488 14 465 608 1157
3498 96 608 737 896
3508 7 1166
3519 49 737
3521 23 825
3522 53 15
3527 47 465 608
3528 7 1166
3530 2 204
3536 4 417
3541 62 762 825
3550 1 417
3551 1 417
3552 1 417
3553 5 417
3555 11 465
3562 38 465 825 974 1166
3568 128 15 608 737 825 827 1185
3571 39 15
3586 135 155
3587 4 1166
3593 26 554
3594 2 554
3601 41 15 346 737 1026
3602 1 1166
3603 10 1166
3605 1 974
3606 1 974
3607 24 762 974
3614 187 465 608 737 896 1100 1157 1159
3615 113 465 825
3620 1 1157
3621 1 1157
3622 22 465 1157
3624 49 825
3630 30 465
3631 70 737 762
3633 26 608
3634 57 737
3635 33 608
3639 11 762
3641 194 72 465 737 825
3642 291 15 155 465 840 840 896 1159
3643 35 15 608 737
3645 34 737 825
3646 9 825
3647 13 465
3648 3 778
3655 7 825
3658 38 737
3659 32 465 825 978
3660 67 762 1157
3661 28 825
3666 125 346 737 1159 1185
3682 20 827
3688 3 15
3691 70 1191
3709 7 465
3720 9 825
3723 7 762
3724 69 465 608 825
3728 71 15 737 762
3743 8 737
3749 3 737
3751 10 15
3786 72 608 737 825 1159
3787 233 15 72 155 346 737 762 1185
3792 19 72
3794 44 15 72 737
3796 107 737
3798 18 465 825
3799 6 465
3802 5 465
3806 31 465
3812 32 15 825
3813 72 15 737 896
3814 24 825
3815 14 465
3830 18 15 737
3842 12 608
3843 7 762
3854 79 737
3855 6 1157
3877 10 737
3902 16 737
3909 1 465
3910 14 465
3911 2 465
3912 15 465
3930 5 15
3943 1 608
3944 1 608
3956 55 15 737
3965 79 737 825
3969 58 737
3976 43 15 72 346 737 762
3977 13 15
3982 17 15 737
3995 53 896
4001 27 737
4008 7 15
4009 2 1024
4013 4 15
4015 2 15
4036 139 15 155 825
4037 7 825
4039 9 825
4040 71 15 737 967
4041 54 15 737
4042 21 825
4044 53 346
4045 244 15 1159
4056 20 1157
4063 26 737
4065 104 825 896 1185
4071 15 15
4072 21 72 346 762
4073 90 15 825 896
4074 33 1157
4076 52 15 762 852 1159
4077 63 608 737
4095 1 825
4096 1 825
4097 1 825
4098 7 825
4099 101 15 346 737 825 1026
4123 23 1157
4124 27 737 1157
4127 42 762
4136 27 1157
4138 59 608 737
4144 38 15 762 1026
4150 13 291 346
4151 79 1185
4152 34 737
4186 7 291
4189 9 737
4190 2 15
4191 14 737
4212 30 737
4219 101 762 1024
4222 28 762
4223 5 1157
4266 11 1157
4273 19 1157
4276 47 737
4292 4 737
4297 32 15 737
4298 10 737
4304 1 1157
4305 1 1157
4306 1 1157
4307 2 1157
4310 225 737 1191
4315 19 15
4319 4 737
4324 8 1185
4335 28 737
4342 8 1024
4343 4 762
4347 33 967
4353 69 15 737
4364 14 1185
4371 4 762
4415 15 762
4422 7 840 840
4433 17 762 1185
4437 33 840 1185
4441 186 15 967 1191
4447 12 72
4448 32 762
4455 16 840
4483 137 15
4486 9 762
4488 35 15 737 762
4489 11 72 762
4490 1 762
4491 1 762
4524 7 15
4530 6 15 896
4534 16 737
4550 81 608 737
4564 30 737
4574 37 346
4576 8 15
4581 3 1185
4587 25 15
4598 34 15 1026
4600 15 15
4611 1 72
4632 202 155 967 1159
4662 44 346
4665 8 737
4666 23 840
4688 59 346
4712 91 15 737 967
4714 3 737
4717 57 737 896 967
4739 11 15
4756 32 72
4774 12 346
4781 28 15 737 896
4792 45 737
4795 66 737
4796 3 737
4813 45 608 737 967
4818 15 737
4824 88 72 608 737
4828 105 15 608 737 896
4829 57 737
4846 24 737
4899 160 15 608
4926 5 155
4933 3 15
4938 13 737
4943 31 737
4948 194 15 608 737 967 1191
4964 51 737
4967 317 15 608 737 840 896 1159
4974 41 737
4975 2 1024
4988 22 15 608 737
5002 116 72 737 840
5006 16 72
5008 23 608 737
5017 4 72
5022 173 1074
5029 21 608 737
5037 18 15
5038 5 840
5069 4 737
5079 240 15 737
5089 8 15
5099 9 737 1026
5102 48 737
5110 84 15
5114 2 967
5118 9 72
5119 18 737
5121 9 15
5123 60 15 896
5150 14 15
5166 41 15
5171 40 737
5173 121 155 840 840 938
5175 20 737
5176 100 608 737 1159
5177 92 15
5179 212 15 155 737
5180 47 896
5182 14 896
5184 64 608 737
5185 120 967
5188 211 737
5189 237 15 608 737
5190 56 608 737
5196 29 15
5203 12 737
5215 7 15
5233 19 737
5250 5 737
5254 34 840 896
5262 35 15 1159
5263 74 15 896 1159
5285 20 608 737
5312 9 737
5321 13 15
5324 12 608
5352 2 737
5360 9 72
5382 19 737
5399 8 896
5405 3 608
5427 34 15 896 1159
5445 39 155 967
5446 21 155 967
5462 7 737
5475 1 608
5476 1 608
5478 9 737
5482 12 737 840
5484 18 737
5487 23 15
5515 6 737
5521 3 737
5524 402 155 840 967 1191
5526 7 737
5531 224 155 737 840 896
5532 16 72 737
5534 11 15 737
5536 2 72
5543 128 737 1159
5584 12 15 737
5589 10 15
5605 10 15
5606 23 737
5610 2 15
5612 38 15 737
5620 6 737
5624 20 15 896 1159
5630 31 15
5644 13 15 896
5650 1 1191
5666 4 15 72
5675 8 72
5691 49 15 72
5695 1 72
5696 49 72
5697 219 72 1026
5702 10 967
5714 42 15 896
5768 11 15
5773 63 840
5775 39 1191
5783 15 15
5787 29 15 896 1159
5796 173 15 896 1026
5800 182 840 1191
5802 248 967
5805 10 15
5807 16 15
5811 65 840
5819 52 896 1074
5821 18 155
5855 8 15
5857 62 15
5862 24 15
5871 51 896
5890 4 15
5913 5 15
5915 39 967 1191
5916 4 15
5920 9 1191
5932 35 896
5934 32 896
5938 2 896
5967 1 896
5997 1 896
5998 80 896
5999 16 896
6000 8 896
6001 5 15
6003 1 1159
6004 5 1159
6020 23 15
6068 30 15
6075 16 15
6156 20 15 967
6157 2 15
6178 1 15
6179 7 15
6180 3 15
6181 1 15
6182 3 15
6183 1 15
6184 2 15
6185 1 15
6186 1 15
6187 1 15
6188 1 15
6190 2 15
6191 1 15
6192 2 15
6193 1 15
6218 47 840
6229 18 840
6360 35 840
6383 3 967
6460 56 967
6461 5 155 967
6486 57 840
6525 13 840 840
6560 42 840
6561 3 967
6595 12 1026
6596 137 967 1191
6618 79 840
6619 77 155
6624 122 967 1191
6710 2 737
6711 7 967
6713 4 155 967
6714 92 155 1026
6759 2 155
6766 16 155
6772 49 155
6784 41 840 840
6790 10 840
6907 183 155 840 967 1191
6913 34 840
6914 52 155
6934 51 155
6951 26 967
6984 4 840
6991 18 840
6993 75 967 1191
7045 36 967
7047 133 1191
7049 27 1191
7052 114 155 840 967 1191
7055 95 155 967
7057 100 155
7063 15 840
7090 6 155
7092 75 1191
7131 23 967
7225 24 155
7227 9 155
7231 87 155 967
7236 16 1026
7262 9 155
7294 37 155 1026
7344 3 155 967
7350 20 155
7378 40 155
7379 7 1026
7522 1 737
7523 1 737
7524 1 737
7525 1 737
7569 3 155
7570 3 155
7578 24 967
7614 37 1191
7659 6 967
7682 15 1191
7744 49 967
7766 13 1191
7769 19 967
7866 1 967
