6 258 1218 1220 1221 1222 1234 1241 1248 1253 1297 1297 1297 1326 1377 1389 1390 1394 1396 1439 1442 1446 1453 1464 1465 1468 1471 1476 1484 1485 1487 1489 1490 1497 1501 1506 1507 1514 1514 1518 1524 1525 1531 1538 1549 1555 1556 1563 1573 1587 1597 1619 1641 1648 1652 1654 1657 1662 1669 1689 1692 1701 1752 1758 1768 1774 1787 1788 1798 1861 1864 1982
7 20 1425 1471 1919
9 71 1384 1525 1580 1618 1652 1717 1855 1966
11 733 1196 1199 1200 1201 1203 1211 1218 1220 1221 1222 1230 1239 1241 1243 1248 1250 1253 1259 1261 1279 1282 1284 1285 1286 1296 1297 1297 1297 1297 1305 1307 1310 1319 1319 1321 1321 1322 1326 1330 1353 1360 1372 1374 1375 1377 1378 1382 1384 1385 1389 1390 1394 1396 1402 1407 1411 1412 1413 1418 1420 1425 1439 1441 1442 1444 1446 1453 1453 1464 1465 1468 1471 1476 1482 1484 1487 1489 1490 1492 1496 1497 1501 1506 1507 1513 1514 1518 1520 1521 1524 1525 1531 1532 1534 1538 1542 1547 1549 1549 1550 1555 1556 1565 1566 1583 1585 1592 1608 1610 1613 1619 1621 1622 1628 1629 1637 1638 1641 1646 1648 1649 1652 1653 1654 1657 1658 1661 1662 1669 1672 1679 1688 1689 1692 1697 1700 1701 1706 1707 1714 1716 1717 1717 1718 1726 1729 1730 1732 1746 1747 1749 1752 1757 1758 1768 1769 1772 1774 1780 1783 1783 1787 1788 1791 1798 1802 1805 1811 1816 1835 1836 1842 1842 1847 1848 1849 1855 1857 1858 1859 1861 1864 1880 1888 1893 1901 1903 1908 1919 1920 1927 1953 1963 1964 1965 1966 1969 1973 1977 1979 1983 1985 1987 1990 1991 1992 1997 2004 2007 2014 2055 2060 2062 2066 2066 2071 2073 2076 2079 2085 2091 2095 2097 2109 2114 2117 2119 2128 2134 2137 2144 2145 2145 2151 2157 2168 2178 2181 2193 2202 2210 2237 2240 2240 2241 2246 2252 2253 2257 2273 2289 2328 2329 2332 2333 2339 2341 2345 2350
12 54 1241 1573 1629 1638
14 105 1259 1307 1385 1496 1835 1842 1842 1855 1864 1927 1966 2016 2066 2066 2117 2134 2193 2339
15 42 1297 2066 2144
16 16 1374 1412 1580 1672
17 37 1218 1513
20 153 1218 1307 1352 1389 1396 1402 1501 1513 1585 1604 1692 1730 1758 1774 1787 1855 1965 1966 2134 2165 2281 2324 2339
21 77 1297 1476 1707 1717 1726 2085 2117 2181 2202
22 2 1407
23 48 1538 1593
24 270 1200 1234 1250 1267 1284 1285 1297 1310 1330 1353 1357 1360 1416 1419 1439 1442 1473 1482 1497 1501 1538 1542 1547 1548 1549 1566 1585 1608 1622 1633 1641 1646 1658 1669 1697 1705 1717 1723 1729 1734 1754 1769 1772 1781 1808 1816 1835 1836 1842 1842 1855 1858 1880 1893 1901 1903 1927 1953 1956 1963 1966 1969 1977 1987 2066 2117 2119 2137 2144 2193 2209 2225 2237 2264 2276 2323 2328 2329 2341
28 110 1201 1286 1428 1604 1608 1608 1638 1964
29 136 1307 1548 1772 2252
30 3 1412
31 6 2348
33 20 1241 1717 2119 2165
35 64 1203 1297 1330 1377 1389 1413 1418 1439 1446 1465 1468 1476 1484
36 231 1196 1222 1234 1296 1297 1297 1297 1307 1310 1353 1357 1372 1377 1378 1402 1413 1416 1468 1489 1506 1513 1518 1524 1538 1549 1555 1566 1585 1608 1621 1701 1707 1726 1769 1783 1816 1842 1842 1848 1855 1956 1964 1969 1997 2066 2071 2109 2117 2120 2135 2145 2237 2241 2297 2328 2329
38 12 1836
41 30 1259 1282
42 88 1200 1234 1353 1464 1465 1476 1497 1548 1604 1783 1903 1977 1997 2004 2128 2157 2181 2241
44 42 1717 1717 1855 1857 1919 1920 1953 1956 2066 2157 2345
45 7 1507 1513
46 58 1279 1425 1542 1565 1593 1758
47 113 1236 1248 1284 1285 1286 1297 1300 1307 1378 1420 1573 1585 1603 1723 1726 1787 1855 1965 1966 1983 2007 2066 2079 2091 2193 2240
48 17 1211
49 12 1550
53 25 1744 2114 2324
55 53 1432
56 20 1211 1549 2151 2211
58 35 1697 1966 2345
59 94 1201 1230 1315 1357 1396 1416 1464 1476 1484 1595 1604 1633 1781 1808 1836 1842 1893 1918 2062 2066 2174 2345
60 9 1374 1521 1717 1726 1956 2252
62 11 2091 2193 2247
66 41 1267 1717 1729 2014 2062 2117 2193 2237
68 187 1239 1352 1374 1498 1592 1633 1637 1646 1688 1792 1855 1919 2001 2102 2134 2160 2174 2209 2237 2264 2276 2325 2328
71 68 1248 1297 1297 1357 1497 1513 1518 1549 1573 1585 1593 1811 1956 1966 2095 2106 2114 2328
72 113 1211 1279 1319 1378 1394 1396 1538 1597 1621 1622 1637 1717 1717 1842 1848
74 69 1284 1330 1583 1633 1811 1836 1927 2004 2119 2181
75 24 1248 1861 1864
77 23 1372 1550 1563 1816
78 26 1513 1652 1654 1662
81 3 1218
83 7 1384 1385 1749
86 101 1234 1248 1297 1297 1305 1432 1514 1525 1585 1672 1718 1835 1855 1987 2016 2128 2157
87 164 1199 1248 1279 1297 1307 1330 1352 1382 1413 1484 1549 1573 1585 1604 1717 1718 1847 1855 1965 2256 2264
89 21 1425 2144 2145 2328
90 63 1234 1305 1468 1596 1628 1637 1638 1956 2193
99 15 1498
101 12 1478
103 55 1669 1706 1982 2014
106 5 1595
109 166 1234 1297 1425 1468 1521 1538 1622 1628 1758 1816 1969 1982 2273
110 59 1492 1700 1836 1964 2193
111 26 1413
113 68 1248 1297 1413 1453 1490 1513 1563 1565 1597 1633 1701 1717 1855 2157 2264 2339
122 193 1239 1247 1291 1297 1385 1393 1419 1453 1549 1637 1653 1723 1729 1792 1965 1992 2014 2066 2102 2120 2135 2145 2209 2237 2237 2240 2252 2256 2257 2289 2322
125 28 1218 1286 1966
126 22 1297 1855
127 83 1267 1297 1385 1425 1464 1744 2066 2145 2237 2290 2323
128 51 1234 1322 1416 1428 1476 1496 1524 1538 1556 1613 1669 1705 1714 1730 1780 1787 1787 1888 1893 1973 2137 2290 2322
132 21 1633
136 64 1211 1234 1549 1564 1622 1633 1893 1918 2066 2151
138 69 1375 1413 1597 1718 1726 1842
139 32 1507
142 12 1661
143 95 1211 1279 1297 1297 1330 1413 1439 1476 1506 1573 1593 1893 2135 2329 2341
145 15 1248 1297 1377 1484 1485 1569 1633
147 50 1315 1357 1378 1453 1566 1705 1729 1730 1754 2016
150 22 1319 1385 1412
151 44 1416 1649
154 53 1279 1413 1628 1718 2339
157 41 1487 1556
158 2 1439
161 27 1201 1418 1425 1484 1585 1633 1718 1754 2151
163 9 1284 1285 1286 1726 1965
164 7 1234
166 77 1248 1279 1297 1297 1297 1307 1484 1585 1705 1956 1990 2066 2276
171 56 1196 1211 1218 1220 1241 1259 1286 1297 1330 1382 1389 1394 1402 1413 1464 1476 1484 1487 1501 1524 1549 1556 1619 1638 1689 1692 1726 1746 1768
172 120 1211 1243 1267 1297 1357 1374 1384 1549 1571 1633 1679 1717 1717 1734 1754 1757 1792 1814 1919 1972 2016 2062 2135 2211 2225 2240 2273 2297 2307 2323 2324 2325 2338 2345 2348
173 332 1196 1199 1200 1201 1211 1218 1222 1230 1234 1236 1243 1248 1253 1267 1279 1285 1286 1296 1297 1319 1322 1353 1357 1360 1372 1375 1377 1378 1389 1394 1396 1402 1407 1412 1413 1428 1439 1444 1446 1464 1465 1468 1471 1476 1482 1489 1490 1496 1501 1506 1514 1518 1520 1524 1525 1531 1534 1537 1542 1547 1550 1556 1563 1565 1566 1580 1583 1585 1587 1593 1595 1603 1604 1613 1618 1619 1621 1628 1629 1633 1638 1641 1649 1652 1654 1658 1661 1662 1672 1689 1692 1697 1701 1707 1714 1726 1730 1732 1746 1747 1752 1758 1772 1774 1783 1787 1788 1791 1798 1802 1805 1808 1811 1836 1842 1842 1848 1849 1855 1880 1901 1903 1908 1956 1977 1983 1985 1991 1997 2062 2066 2071 2073 2079 2085 2091 2095 2097 2106 2109 2119 2128 2137 2145 2151 2157 2165 2168 2181 2193 2202 2210 2211 2237 2237 2241 2246 2253 2273 2276 2328 2329 2333 2339 2341 2345 2348 2350
176 39 1201 1218 1222 1234 1375 1413 1428 1464 1465 1468 1476 1520 1531 1537 1593 1603
177 16 1592 1593
178 52 1482 1733 1799 1893 1966 2073 2145
180 54 1203 1218 1222 1284 1425 1464 1476 1542 1622 1701 1754 1858 1956 2114 2246 2325
182 59 1297 1305 1357 1396 1416 1464 1473 1525 1754 1919 2328 2329
187 32 1573 1638 2290 2323
188 3 1808
193 19 1297 2066 2157
194 3 1497
197 6 1353
199 11 1407 1412 1471 1520 1662
203 26 1808 1855 1956
204 10 1608 1718 1787 2151 2211
205 9 1285
215 84 1297 1374 1375 1482 1487 1492 1496 1514 1521 1608 1628 1700 1726 1732 1746 1747 1758 1768 1774 1783 1783 1788 1791 1798 1802 1805 1811 1842 1842 1848 1849 1903 1964 1966 2240 2241 2332
216 7 1418 1453 1453
224 10 2066
226 13 1497 1573 1997
227 4 1497
228 7 1484
230 6 1610 1701
231 44 1396 1473 1855 1861 1864 2097
232 19 1297 1563 1842 1855
236 39 1679
237 35 1646 1798 1855 2102
244 3 1920 1973
249 13 1196 1248 1485 1638 1648 1652 1654 2055
254 15 1200
255 87 1286 1482 1487 1538 1573 1893 1956 1966 1992 2066
256 8 1402
258 6 1360
259 42 1203 1330 1372 1375 1382 1402 1473 1652 1808 1835 1842 1855 1956 2181 2323
260 7 1360
263 21 1573 2210
265 30 1858 2151
266 13 1285 1723 1726 1802
269 26 1661 1717 1726 1811
270 14 1284 1285 1378 1585 1965 2079
275 47 1357 1717 1734 1792 1835 1888 1956 1992 1997 2322 2323
276 4 1218 1250
280 76 1200 1250 1297 1464 1585 1608 1718 1723 1855 1956 2004 2071 2246
282 32 1201 1471 1496 1501 1603
290 61 1201 1230 1248 1284 1297 1297 1297 1305 1378 1396 1468 1482 1484 1514 1593 1622 1706 1717 1726 1734 1754 1774 1788 1805 1836 1893 1908 1927 1956 1966 1973 1977 2004 2135 2225
291 30 1297 2066 2326 2328
292 5 1201
293 3 1497
295 4 1442 1444
296 4 1718
302 9 2289
304 64 1248 1284 1297 1297 1326 1439 1446 1464 1468 1476 1514 1534 1622 1652 1654 1662 1717 1858 1859 1903 1927 1953 1963 1966 1969 2151 2210 2246
305 6 1282
306 215 1199 1200 1234 1236 1253 1286 1297 1297 1297 1297 1378 1394 1413 1418 1428 1464 1468 1473 1476 1490 1492 1501 1506 1518 1524 1537 1538 1556 1573 1585 1587 1595 1633 1646 1700 1701 1714 1732 1964 1965 1992 2066 2079 2097 2114 2144 2145 2209 2240 2257 2276 2324 2328
308 144 1218 1248 1253 1279 1297 1297 1297 1297 1307 1389 1402 1413 1418 1464 1468 1476 1484 1506 1513 1525 1538 1566 1585 1587 1593 1604 1622 1654 1661 1672 1811 1847 1855 1956 1966 2004 2066 2157 2165 2193 2297 2323 2328 2329 2339 2345
310 236 1196 1200 1201 1211 1218 1222 1236 1250 1261 1267 1285 1297 1297 1319 1375 1378 1407 1411 1413 1428 1464 1476 1487 1501 1514 1518 1520 1538 1573 1585 1603 1619 1633 1641 1646 1649 1672 1717 1718 1723 1726 1746 1749 1754 1757 1774 1842 1888 1901 1903 1966 1977 1979 1992 2066 2079 2097 2106 2117 2120 2128 2144 2151 2174 2241 2246 2257 2297 2322 2325 2341
311 312 1199 1200 1201 1211 1222 1230 1234 1236 1241 1243 1261 1279 1284 1285 1286 1297 1319 1319 1322 1326 1330 1353 1357 1375 1377 1385 1413 1418 1419 1425 1428 1453 1453 1464 1465 1476 1482 1484 1487 1490 1492 1496 1497 1514 1521 1525 1534 1538 1547 1549 1549 1549 1580 1583 1585 1587 1592 1593 1603 1608 1618 1622 1633 1638 1641 1649 1658 1697 1700 1714 1717 1729 1734 1752 1754 1758 1769 1772 1774 1787 1814 1847 1848 1861 1864 1888 1893 1919 1919 1956 1964 1965 1966 1973 1977 1992 1997 2062 2071 2079 2102 2106 2109 2120 2128 2145 2145 2151 2210 2225 2241 2257 2297 2322 2341
312 223 1196 1203 1211 1218 1220 1221 1222 1234 1241 1248 1259 1279 1286 1296 1297 1319 1330 1375 1382 1413 1418 1425 1439 1446 1453 1464 1468 1471 1489 1492 1520 1556 1573 1580 1595 1603 1604 1619 1638 1641 1649 1654 1661 1672 1692 1700 1701 1726 1836 1842 1855 1893 1953 1963 1966 1969
313 41 1297 1297 1297 1297 1330 1377 1482 1497 1538 1593 1772 2106 2157 2193
315 70 1201 1259 1296 1382 1413 1593 1718 1888 2014 2102 2120 2135 2341
316 3 1717
317 126 1201 1234 1279 1286 1296 1297 1377 1394 1413 1428 1476 1482 1490 1496 1506 1518 1520 1524 1538 1555 1556 1573 1585 1593 1603 1622 1641 1661 1726 1774 1893
319 193 1199 1200 1211 1267 1296 1382 1413 1464 1471 1482 1514 1537 1566 1573 1580 1587 1593 1622 1669 1680 1697 1723 1799 1842 1842 1908 1919 1987 1991 2004 2117 2145 2181
324 13 1413 1757 1842
325 15 1360 1549 1688 2066 2134
326 9 2160
334 41 1201 1203 1218 1286 1307 1413 1774 2202 2329
335 48 1259 1282 1385 1385 1513 1573 1729
336 28 1196 1385 1633
339 79 1296 1330 1506 1525 1717 1855
340 30 1413 1428 1464
341 12 2205
343 4 1261
346 27 1777 2251
347 6 1920 1950 1953 1956
348 19 1418 1419 2264
356 16 1375 1428 1835 2323
363 3 1305 2237
364 11 1267 1418
371 117 1196 1201 1222 1261 1297 1297 1310 1322 1396 1428 1446 1468 1485 1487 1573 1633 1706 1726 1966 2145 2165 2339
374 3 1652
376 36 1234 1330 1402 1482 1518 1633 1802 1992 2253 2325
383 19 1646 2297 2324
395 37 1357 1384 1389 1418 1506 1593 1919 1956
399 6 1513
400 8 1723
403 18 1521 1705 1744 1746 2144 2264
404 5 1521 1744 1746
405 17 1277 2134
406 33 1648 1661
407 101 1201 1230 1236 1284 1285 1297 1297 1407 1413 1425 1492 1496 1534 1566 1585 1622 1629 1641 1654 1658 1661 1718 1723 1752 1758 1816 1835 1858 1893 1903 1908 1927 1953 1963 1966 1969 1987 1991 1997 2073 2097 2120 2128 2137 2151 2168 2264 2323
412 21 1919 2066 2120
415 4 1330
417 8 1297 2066
423 6 1384 1593 1747 1956
425 49 1493 1730 1777 1893 2160 2231
427 6 1384 1593
432 155 1201 1250 1285 1296 1305 1378 1402 1407 1446 1464 1524 1531 1542 1608 1621 1622 1628 1648 1661 1669 1706 1717 1723 1746 1769 1802 1808 1811 1842 1858 1888 1893 1927 1963 1964 2066 2079 2091 2117 2193 2237 2251 2257 2264 2329 2333
439 8 2157
447 8 1384
449 4 2209
457 640 1199 1200 1201 1211 1222 1230 1234 1241 1247 1282 1284 1285 1286 1297 1297 1297 1310 1319 1322 1352 1353 1357 1374 1377 1378 1385 1385 1390 1396 1413 1416 1418 1420 1482 1484 1487 1490 1492 1496 1497 1507 1514 1520 1524 1531 1534 1537 1538 1547 1549 1555 1556 1566 1569 1573 1580 1585 1593 1604 1622 1628 1633 1638 1648 1654 1658 1679 1680 1705 1717 1726 1729 1733 1734 1752 1754 1758 1768 1772 1774 1783 1788 1791 1799 1802 1805 1811 1814 1816 1835 1836 1842 1842 1848 1855 1859 1880 1888 1893 1908 1918 1953 1966 1969 1972 1973 1979 1982 1987 1990 1991 2001 2004 2071 2091 2117 2120 2128 2137 2144 2145 2145 2151 2157 2160 2165 2209 2225 2237 2240 2240 2241 2246 2252 2253 2273 2289 2324 2328 2350
465 9 1307
469 8 1855 1956
499 11 1218
501 9 2209
521 5 2257
534 3 2210
545 25 1296 1297 1330 1402 1420 2135
546 107 1230 1261 1284 1297 1307 1357 1407 1482 1547 1571 1621 1658 1697 1717 1734 1772 1808 1816 1836 1842 1842 1847 1849 1858 1893 1901 1908 1927 1953 1956 1963 1966 1969 1973 1979 1987 1990 2071 2073 2128 2144 2145 2160 2209 2297
553 19 1239 1315 1808 1855 2117
554 4 1566
555 3 1855
556 117 1330 1353 1442 1473 1497 1542 1729 1808 1836 1842 1842 1855 1858 1893 1908 1919 1927 1953 1956 1963 1966 1969 1973 1990 2004
559 3 1802 2076
560 8 1638
575 3 1662
580 28 1733 2258
582 29 1688 2144
584 5 1600 1638
585 3 1307
587 14 1286 1425 1439
588 23 1330 1425 1439 1492 1547 1836 1842 1964 2062 2345
590 8 1375
595 1 2193
600 171 1297 1310 1330 1352 1353 1374 1377 1407 1471 1473 1476 1484 1497 1514 1521 1548 1549 1555 1585 1633 1661 1717 1808 1835 1836 1842 1842 1847 1855 1919 1927 1956 1963 1977 2066 2106 2117 2225 2251 2256 2297 2323 2328
601 9 1413 1468 1476 2251
604 8 1377
613 1 1638
626 31 1330 1425 1464 1468 1855 2066
633 48 1425 1573 1580 1593 1966
634 106 1196 1200 1201 1218 1253 1284 1285 1286 1296 1297 1319 1330 1357 1378 1382 1389 1390 1403 1476 1514 1537 1585 1688 1689 1707 1717 1723 1774 1965 1966 1972 2071 2073 2079 2225 2328
635 52 1200 1296 1357 1566 1621 2066 2073 2328 2341
636 9 1201 1524
637 26 1573 2237
639 28 1201 1222 1286 1382 1453 1484
643 44 1259 1279 1413 1534 1718 1758 1919 1964 2253
644 23 1360 1372 1524 1585 1593 2264
645 17 1919 1919
646 15 1385 1385 1425 1484 1734 1754 1781
647 29 1218 1297 1330 1378 1390 1547 2062 2281 2322 2345 2348 2350
649 15 1453
650 85 1267 1286 1296 1297 1375 1382 1413 1418 1419 1453 1592 1608 1734 1836 1997 2053 2117 2128 2225 2323 2332 2333 2339
659 13 1297
663 133 1222 1234 1241 1319 1319 1360 1394 1496 1498 1525 1538 1573 1603 1661 1688 1754 1769 1956 1966 2066 2102 2135 2174 2324
664 6 1489 1513 1718
665 6 1729
667 18 1729 1927 2135
674 16 1222
679 3 1798
686 57 1196 1203 1221 1282 1372 1375 1389 1402 1413 1418 1420 1476 1489 1514 1518 1524 1534 1538 1603 1658 1717 1861 1864 1893 1903 1966
688 5 1196
689 27 1307 1413 1992 2128 2333
691 24 1199 1201 1203 1236 1243 1487 1622 1835 1847 1888 1953 1969 2117
695 87 1322 1497 1521 1580 1585 1603 1638 1717 1718 1732 1855 1901 1979 1983 2066 2145 2240 2328
697 85 1236 1253 1259 1413 1473 1476 1513 1548 1595 1700 1836 1966 2116 2225
699 7 1585 1966
704 82 1201 1222 1241 1297 1396 1413 1453 1453 1471 1501 1514 1595 1603 1633 1633 1757 1787 1903 1966 1987 2066 2102 2106 2117 2119 2181 2225 2231 2341
705 23 1201 1222 1282 1413
706 56 1211 1248 1279 1296 1297 1322 1330 1442 1471 1489 1496 1501 1520 1573 1585 1593 1649 1652 1654 1661 1662 1669 1672 1772 1919 2157 2165
707 110 1201 1203 1211 1234 1248 1253 1261 1297 1297 1297 1319 1330 1372 1375 1377 1389 1402 1428 1471 1476 1484 1489 1490 1496 1497 1506 1514 1518 1521 1525 1537 1538 1542 1556 1563 1573 1580 1587 1593 1603 1621 1661 1662 1701 1726 1774 1808 1842 1855
708 39 1888 2066 2120 2193 2322
710 88 1201 1211 1230 1234 1267 1279 1286 1297 1297 1297 1297 1319 1360 1377 1413 1428 1439 1496 1514 1525 1585 1593 1633 1648 1648 1705 1734 1754 1774 1969 2117 2120 2174 2225 2276 2290 2339
712 18 1253 1428 1496 1525 1555 1585 1595 1603 1604 1622 1697 1774 1855 1927
715 21 1221 1282 1286 1296 1321 1330 1637
719 4 1811
722 124 1201 1218 1234 1236 1250 1291 1357 1374 1378 1385 1402 1420 1453 1473 1534 1537 1556 1566 1573 1593 1603 1641 1646 1669 1705 1717 1733 1734 1754 1836 1847 1956 1992 2097 2117 2120 2145 2251 2333
724 3 1935
727 19 1199 1497 1842 2066 2256 2323
730 29 1506 2339
733 7 1464
737 120 1403 1982
738 7 2276
742 85 1200 1201 1201 1241 1310 1385 1394 1413 1425 1476 1983 2095 2097
749 62 1239 1310 1407 1425 1629 1637 1744 2225 2258 2324 2328
759 55 1230 1375 1416 1425 1534 1580 1697 1842 1855 1956
761 7 1484 2151
762 42 1211 1222 1453 1476 1697 2066
763 45 1267 1360 1407 1464 1520 1717 1927 2097 2257
764 22 1492 1700 1734 1754 1772 1956 1992 2071 2117 2120 2174 2322 2328
766 709 1201 1211 1239 1243 1247 1250 1267 1286 1291 1305 1307 1310 1352 1357 1360 1378 1384 1393 1403 1416 1419 1428 1437 1473 1492 1496 1514 1538 1550 1571 1585 1608 1621 1622 1633 1646 1653 1688 1705 1706 1717 1723 1733 1734 1754 1769 1772 1774 1777 1781 1799 1808 1814 1836 1842 1847 1858 1888 1893 1918 1919 1956 1964 1966 1969 1972 1990 1992 2001 2004 2014 2016 2066 2071 2076 2102 2114 2116 2117 2120 2134 2135 2144 2145 2174 2193 2209 2225 2231 2237 2240 2241 2251 2252 2256 2257 2258 2264 2276 2290 2297 2322 2324 2325 2328 2338
769 137 1196 1201 1211 1218 1222 1248 1253 1319 1378 1396 1413 1418 1428 1432 1453 1453 1465 1473 1476 1566 1580 1592 1597 1604 1629 1633 1637 1652 1718 1726 1787 1808 1835 1842 1842 1919 1919 2062 2128 2193 2225 2231 2256 2323 2328
771 7 1641 1701 1726
775 2 1585
781 5 1514 2151
784 205 1199 1200 1211 1222 1241 1259 1360 1384 1420 1453 1464 1465 1485 1513 1514 1525 1534 1549 1549 1573 1585 1610 1622 1633 1652 1654 1662 1679 1688 1706 1707 1729 1752 1758 1769 1792 1814 1836 1836 1849 1858 1918 1918 1964 1966 1973 1987 2053 2060 2062 2076 2091 2095 2097 2106 2135 2144 2145 2174 2211 2225 2256 2257 2290 2297 2325 2328 2338 2345 2348
787 2 1211
788 52 1453 1585 1587 1836 2066
789 209 1200 1201 1201 1218 1220 1222 1241 1243 1247 1248 1310 1322 1360 1384 1385 1394 1396 1413 1428 1468 1473 1476 1497 1506 1525 1549 1585 1633 1646 1653 1657 1658 1680 1774 1799 1816 1888 1956 1966 1969 2193 2237 2276 2341
791 29 1201 1279 1428 1468 1506 1597 1633
794 9 1573
795 57 1360 1413 1501 1524 1549 1587 1595 1653 1692 1717 1717 1718 2053 2117 2157 2210
796 5 1550
798 12 1648 1729 2289
801 4 2055
803 5 1420 1849
804 6 1732 1744 1746
805 82 1201 1203 1222 1230 1307 1322 1377 1390 1396 1402 1413 1425 1453 1468 1476 1496 1501 1506 1514 1542 1573 1580 1593 1603 1604 1628 1633 1633 1658 1783 1842 1842 1847 1855 1956 1969 2066 2106 2237 2297
810 19 1218 1297 1322 1514 1758
811 3 1531 1864
813 261 1211 1230 1239 1248 1250 1253 1267 1279 1284 1285 1291 1296 1297 1297 1315 1319 1357 1360 1374 1378 1384 1385 1413 1419 1428 1444 1471 1476 1482 1492 1496 1521 1525 1534 1542 1547 1549 1565 1566 1571 1585 1597 1603 1608 1646 1653 1658 1661 1705 1717 1723 1726 1730 1734 1746 1754 1808 1835 1836 1837 1842 1847 1888 1893 1908 1919 1927 1964 1987 1991 1992 2016 2066 2071 2073 2076 2079 2128 2134 2144 2174 2193 2209 2210 2241 2251 2252 2264 2290 2297 2322 2323 2324 2328 2329
816 25 1218 1453 1648 1697 2339
820 9 1506 1842 2237
822 11 1315 1566 1908 2016
825 139 1310 1549 1549 1680 1706 1754 1769 1823 2102 2145 2209 2237 2252 2276 2285 2290 2328
826 218 1199 1211 1230 1253 1267 1279 1297 1297 1319 1322 1357 1374 1377 1416 1428 1437 1444 1471 1482 1484 1487 1490 1492 1496 1506 1507 1513 1518 1520 1521 1531 1534 1537 1538 1556 1563 1565 1566 1571 1573 1585 1595 1597 1600 1604 1613 1618 1619 1622 1633 1638 1641 1653 1661 1672 1679 1679 1705 1717 1717 1718 1723 1732 1734 1749 1754 1768 1772 1774 1781 1792 1814 1816 1836 1837 1842 1849 1880 1893 1908 1918 1919 1953 1963 1966 1970 1973 1979 1987 1991 1992 2016 2053 2066 2076 2076 2106 2116 2120 2128 2157 2174 2225 2231 2237 2240 2251 2256 2322 2323 2325 2338 2340 2341
827 3 1953
831 12 1413 1811 1855 1858 1927 2085 2091 2095 2247
836 26 1428 1442 1525 1621 1705 1723 1734 1754 1802 1805 1848 1901 1997 2225 2240 2256
837 4 2071
838 34 1199 1322 1717 1718 1732 1746 1747 1752 2053
841 22 1291 1521 1653 1723 2014
842 27 1284 1286 1688 1706 1726 1859 1966 2251
844 35 1218 1286 1468 1629 1717 1717 1723 1726 1859
851 2 1484
852 25 1248 1297 1471 1638 1649 1654 1692 2066 2323
853 14 1412 1464 1726
854 56 1319 1384 1385 1389 1416 1420 1538 1549 1549 1672 1836 1848 2091 2095 2117 2135 2145 2251 2297 2329
856 30 1305 1521 1814 2231 2328
859 7 1492 1547 1836 1842
861 16 1253 1496 1608 1859 1992
865 45 1211 1563 1717 1808 1855 2016 2060 2323
869 9 1196 1547 1654
870 37 1234 1248 1279 1319 1322 1428 1487 1514 1520 1555 1573 1603 1641 1654 1746 1768 1893 1953 1966
871 47 1222 1241 1286 1377 1439 1446 1453 1465 1468 1471 1484 1490 1506 1513 1518 1524 1538 1633 1816 1859 1919 1919 1953 1966
872 26 1279 1413 1489 1653 1654 1662 1672 1689 1730 1780 1811 1857 2073 2225 2264
873 4 2062
879 108 1297 1305 1382 1453 1549 1549 1744 1990 2144 2209 2237 2240 2257 2297 2328
885 6 1556 1563
896 25 1901
899 22 1592 1637 1646 1653 1723 1956 2120 2225
900 5 1323 2007
904 59 1199 1211 1243 1296 1330 1374 1375 1453 1487 1490 1496 1513 1542 1547 1610 1629 1649 1717 1732 1746 1747 1752 1757 1768 1774 1783 1788 1791 1798 1833 1842 1842 1847 1963 1979 1997 2273 2281 2348
907 6 1734 2211
908 6 1297 1836
913 3 2328
915 7 1580 1717 1717 1966
918 15 1261 1525 1633 1717 1793 1802 1927
920 10 1297 1490 1669 2151
921 7 1439 1484
922 147 1200 1201 1201 1203 1211 1220 1222 1230 1234 1236 1241 1243 1248 1253 1261 1279 1284 1286 1296 1297 1319 1321 1322 1330 1377 1413 1425 1428 1439 1441 1441 1482 1484 1490 1496 1497 1501 1506 1514 1514 1520 1525 1538 1549 1550 1555 1565 1573 1580 1585 1587 1593 1595 1597 1610 1618 1621 1622 1633 1654 1661 1687 1718 1768 1772 1774 1787 1787 1805 1816 1842 1849 1855 1857 1859 1880 1893 1927 1963 1965 1969 1973 1979 1997 2004 2066 2106 2157
928 13 1236 1267 1297 1439 1514 1861 1864 2066 2151
933 10 1490 1836 1864 1966
935 19 1284 1285 1286 1534 1717 1723 1726 1859 1903 1965 2079
937 33 1222 1284 1378 1413 1585 1621 1723 1754 1781 1888 1919 2071 2114 2251
941 74 1199 1201 1201 1222 1230 1234 1253 1279 1286 1297 1319 1330 1375 1411 1413 1425 1428 1439 1482 1484 1489 1492 1496 1514 1521 1538 1555 1580 1587 1593 1621 1622 1700 1701 1754 1768 1774 1805 1816 1859 1893 1969 2102 2106 2120 2333
943 28 1234 1425 1518 1538 1622 1633 1633 2071 2134
944 5 1752 2332
946 85 1218 1250 1253 1259 1297 1357 1360 1396 1407 1412 1413 1418 1565 1585 1633 1653 1808 1847 1888 2066 2076 2114 2128 2137 2225 2241 2328 2333 2341
947 21 2066 2237
948 26 1199 1323 1419 1453 1482 1534 1714 1726 2137 2181
949 9 1407 1573 1580 2165 2322 2322
950 8 2001
954 8 1218 1411 1669
956 40 1613 1966 2106 2246 2341
959 10 1297 1835 1836 1842
960 17 1322 1564 1633 1781 1956
961 11 1701 1847 1956 1964 2073 2128 2181
964 4 1382 1453
968 5 1384 1592
969 2 1389
970 10 1518 1893
971 53 1211 1241 1261 1284 1389 1496 1501 1514 1525 1538 1555 1573 1603 1752 1758 1774 1780 1802 1811 1920 1966
974 30 1297 1385 2144 2144 2209 2237 2240 2328
975 8 1714 1997 2071 2211
978 54 1222 1234 1279 1296 1297 1297 1297 1374 1425 1432 1439 1482 1484 1496 1514 1585 1641 1661 1680 1718 1847 1956 2117 2120 2151 2174
981 16 1377 1497 1593 1603
982 32 1220 1222 1241 1453 1730 2338
986 50 1203 1241 1286 1307 1464 1482 1484 1549 1549 1549 1573 1730 1734 1758 1966 2117 2237 2251 2256 2322 2328 2341
988 257 1250 1267 1291 1297 1305 1307 1357 1393 1416 1437 1453 1492 1549 1549 1571 1608 1633 1679 1688 1700 1706 1734 1744 1754 1769 1777 1781 1792 1814 1835 1842 1919 1964 1982 2016 2066 2097 2114 2116 2117 2120 2134 2135 2145 2209 2210 2225 2231 2240 2240 2251 2252 2256 2257 2290 2297 2322 2323 2324 2325 2328 2338
993 233 1200 1201 1203 1211 1211 1222 1230 1234 1236 1239 1243 1261 1279 1284 1285 1286 1297 1297 1319 1330 1374 1377 1378 1382 1393 1394 1407 1413 1416 1420 1425 1428 1437 1444 1464 1471 1476 1482 1489 1492 1496 1501 1506 1514 1520 1534 1537 1538 1542 1547 1549 1555 1556 1565 1566 1573 1580 1583 1585 1587 1603 1608 1621 1622 1629 1633 1637 1641 1646 1661 1679 1689 1697 1700 1707 1717 1726 1730 1749 1758 1768 1772 1774 1787 1788 1802 1808 1811 1814 1835 1836 1842 1847 1848 1880 1888 1901 1903 1908 1919 1919 1963 1965 1966 1969 1987 1991 1997 2062 2066 2071 2073 2097 2102 2106 2117 2119 2120 2128 2134 2137 2157 2168 2211 2225 2246 2323 2324 2328 2329 2341 2345
994 42 1259 1393 1633 1706 1859 2114 2209 2328
996 279 1203 1234 1243 1247 1250 1267 1291 1296 1297 1297 1353 1357 1375 1378 1384 1389 1393 1394 1402 1412 1413 1416 1419 1444 1453 1471 1473 1521 1542 1547 1565 1571 1592 1608 1613 1621 1633 1637 1638 1646 1648 1653 1678 1705 1723 1729 1734 1749 1783 1792 1814 1823 1835 1847 1848 1888 1919 1919 1956 1964 1977 1992 1997 2014 2062 2066 2071 2091 2095 2102 2116 2120 2128 2135 2145 2174 2209 2210 2225 2231 2240 2241 2246 2251 2253 2273 2281 2323 2324 2329 2332 2333 2339 2345 2348
998 25 1248 1322 1442 1476 1489 1603 1652 1654 1661 1662 1717
1000 34 1253 1428 1501 1525 1734 1754 1781 1835 2120 2264 2328 2332
1003 17 1230 1319 1374 1880 1956 1966
1005 1 1234
1006 130 1200 1203 1220 1221 1222 1234 1248 1286 1297 1326 1330 1375 1389 1394 1396 1402 1412 1413 1418 1441 1444 1453 1465 1468 1487 1496 1506 1514 1518 1524 1534 1538 1547 1555 1556 1573 1583 1585 1587 1593 1595 1597 1600 1603 1610 1613 1718 1747 1774 1783 1787 1788 1793 1798 1836 1848 1857 1893 1920 1953 1983 1985 2066 2073 2085 2097 2128 2178 2181 2202 2231 2324 2341
1009 43 1203 1402 1412 1425 1439 1442 1464 1514 1811 1858 1893 1927 1963 1966 2202 2328
1011 4 2193
1013 9 1382
1018 3 2237
1022 13 1377 1484
1023 9 1201 1492 1700
1024 40 1279 1291 1305 1307 1549 1592 1637 1641 2264
1029 20 1413 1464 1468 1476 1506 1513 1524 1538 1802
1031 16 1297 1492 1549 1621 1835 1842 1888 2339
1032 34 1243 1267 1357 1413 1482 1506 1520 1556 1603 1622 1658 1680 1997 2128 2328
1034 34 1201 1218 1253 1297 1319 1322 1482 1484 1585 1595 1603 1718
1035 10 1547 2341 2350
1037 50 1297 1353 1378 1514 1520 1549 1571 1585 1592 1613 1622 1633 1734 1758 1783 1966 2066 2137 2165 2210 2225 2323 2339
1038 6 1618
1039 6 1482 1585 2157
1041 31 1319 1514 1585
1042 38 1267 1297 1384 1396 1407 1592 1744 1835 1842 1992 2073 2109 2231 2256
1043 20 1396 1465 1658 1734 1835
1044 9 1218 1465 2114
1046 9 1394 1476 1537
1049 3 1465
1050 33 1199 1203 1284 1357 1378 1407 1714 1726 1758 1802 1920 1927 1963 1966 2053 2210 2211 2253 2264
1051 48 1384 1385 1385 1416 1420 1592 1629 1633 1662 1680 2109 2135 2285
1052 2 1781
1055 139 1201 1211 1236 1247 1248 1261 1279 1297 1297 1297 1297 1322 1360 1375 1382 1428 1439 1468 1471 1476 1482 1484 1489 1493 1496 1514 1531 1538 1555 1573 1585 1587 1593 1597 1622 1633 1638 1648 1649 1652 1654 1661 1662 1679 1700 1752 1758 1768 1774 1811 1823 1849 1918 1956 2106 2144 2151 2157 2285 2323 2339
1061 2 1390
1062 157 1201 1203 1221 1230 1243 1250 1259 1267 1282 1286 1291 1296 1330 1357 1374 1416 1418 1419 1425 1444 1492 1521 1534 1566 1583 1621 1633 1658 1688 1700 1705 1706 1714 1723 1734 1754 1772 1808 1814 1816 1835 1836 1848 1858 1888 1893 1901 1964 1985 1992 2071 2085 2117 2120 2128 2134 2144 2174 2178 2225 2240 2241 2251 2256 2322 2328 2329 2333 2341
1063 29 1465 1603 1799 1901 2145
1064 14 1200 1201 1476 1654 2225 2333
1065 8 1218 1849 1857 2328
1066 5 2339
1068 3 1322 1534
1074 75 1222 1352 1823 1972 2160 2273 2285
1075 59 1203 1330 1353 1372 1375 1418 1420 1425 1473 1476 1525 1537 1548 1622 1802 1858 1893 1927 1953 2137 2237
1080 5 1842 1842 1855
1082 4 1506 1903
1083 2 1783
1084 3 2210
1085 3 1842
1086 8 1464 1991 2097
1089 2 1717
1093 2 1842
1094 2 1842
1095 10 1542 1833 1842 1842 1855
1097 93 1201 1211 1239 1247 1297 1393 1428 1437 1521 1549 1564 1573 1595 1633 1637 1700 1808 1814 1919 2066 2102 2174 2256 2323 2328
1098 260 1291 1357 1378 1407 1419 1492 1514 1521 1542 1549 1549 1565 1583 1608 1613 1633 1646 1653 1700 1714 1730 1734 1754 1772 1781 1783 1808 1814 1833 1835 1836 1847 1848 1855 1859 1888 1893 1919 1919 1956 1963 1964 1969 1973 1982 1991 1992 1997 2016 2062 2066 2071 2072 2079 2095 2102 2106 2109 2117 2120 2128 2174 2178 2181 2193 2225 2240 2241 2251 2256 2264 2297 2322 2332 2338 2341
1099 8 1542 1836 1842 1842 1855
1102 13 1411 1842 1842 1855 1903 2144
1103 6 1842 1842
1105 1 1836
1111 42 1196 1241 1243 1330 1353 1542 1548 1583 1836 1842 1855 1927 1977 1997 2062 2066 2073 2085 2106 2323
1113 4 1855
1114 40 1201 1211 1211 1220 1221 1222 1261 1286 1321 1322 1330 1394 1413 1718 1752 1787 1787
1115 1 1432
1124 17 1492 1772 1888 1992 2062 2117 2128 2151 2168
1125 22 1492 1585 1772 1783 1992 1992 2066 2151
1127 58 1319 1357 1384 1416 1482 1489 1496 1507 1525 1593 1604 1610 1621 1633 1652 1653 1658 1662 1672 1701 1706 1734 1754 1758 1842 2062 2076 2135 2145 2348 2350
1128 10 1279 1476 1525 1641 1799 1859
1129 53 1234 1241 1248 1261 1286 1297 1297 1297 1377 1407 1420 1428 1478 1489 1497 1514 1514 1537 1538 1556 1557 1563 1573 1580 1585 1618 1622 1689 1774 2157 2160
1132 42 1396 1413 1637 1729 1864 1903 2014 2016 2101 2237 2257 2290
1133 282 1222 1239 1248 1282 1296 1297 1305 1310 1360 1385 1464 1476 1484 1490 1549 1555 1587 1619 1622 1661 1679 1688 1718 1729 1733 1752 1772 1791 1799 1836 1984 1990 2014 2066 2134 2144 2145 2151 2210 2240 2276 2289 2328 2333
1134 3 1297
1135 112 1199 1201 1201 1203 1211 1234 1253 1267 1279 1284 1286 1330 1357 1378 1413 1416 1418 1428 1439 1464 1468 1476 1490 1492 1496 1501 1534 1555 1580 1585 1646 1664 1700 1717 1752 1758 1774 1781 1792 1808 1814 1836 1847 1858 1918 1963 1965 1966 1977 1997 2073 2076 2102 2128 2135 2225 2240 2246 2256 2322 2323
1137 104 1200 1203 1221 1230 1284 1286 1297 1357 1372 1374 1375 1378 1394 1413 1416 1418 1428 1464 1465 1514 1521 1524 1534 1549 1566 1585 1592 1608 1637 1646 1700 1706 1723 1734 1754 1772 1781 1842 1842 1858 1903 1908 1919 1956 1991 2071 2073 2128 2241 2328
1142 28 1201 1357 1476 1592 1603 1689 2117 2328
1143 15 1307 1416 1621 1888 2062
1144 7 1196 1218
1150 8 1319 1484 1583 1622
1151 460 1200 1201 1211 1211 1230 1234 1236 1239 1243 1248 1250 1279 1284 1285 1297 1297 1319 1322 1323 1352 1353 1357 1378 1393 1407 1416 1428 1437 1444 1464 1473 1482 1487 1492 1496 1521 1537 1542 1547 1549 1549 1549 1550 1555 1565 1566 1571 1583 1585 1592 1597 1603 1608 1613 1621 1622 1633 1646 1680 1697 1700 1705 1707 1714 1717 1723 1730 1732 1733 1746 1747 1749 1752 1754 1757 1758 1768 1769 1772 1774 1781 1783 1788 1791 1808 1814 1816 1835 1836 1842 1847 1848 1888 1893 1918 1919 1919 1956 1964 1965 1969 1977 1979 1983 1985 1991 1992 1997 2001 2004 2016 2062 2066 2066 2071 2073 2085 2091 2095 2097 2106 2114 2116 2117 2119 2120 2128 2135 2137 2145 2151 2157 2160 2165 2174 2181 2193 2202 2206 2209 2210 2211 2225 2240 2241 2246 2251 2253 2257 2258 2264 2273 2297 2322 2323 2324 2328 2329 2332 2333 2341 2345 2350
1160 24 1201 1330 1372 1382 1394 1396 1413 1425 1476
1164 23 1513 1573 1653 1658 1707 1816 1956 1966 2076
1165 13 1261 1679 2066 2328
1166 318 1200 1211 1211 1230 1243 1250 1284 1285 1291 1305 1322 1352 1357 1374 1378 1384 1393 1416 1419 1437 1473 1482 1492 1521 1547 1549 1549 1549 1566 1571 1585 1622 1633 1653 1688 1697 1705 1717 1717 1734 1747 1749 1754 1772 1781 1783 1791 1799 1814 1816 1836 1842 1847 1880 1888 1901 1919 1956 1963 1964 1966 1972 1977 1983 1985 1987 1992 1997 2007 2053 2066 2076 2102 2109 2117 2119 2120 2128 2134 2135 2145 2145 2165 2174 2178 2193 2209 2211 2225 2231 2237 2240 2240 2251 2257 2258 2264 2276 2290 2297 2324 2328 2333 2338 2341
1167 78 1200 1201 1201 1230 1234 1241 1253 1286 1322 1330 1357 1413 1428 1471 1476 1482 1484 1487 1489 1492 1496 1497 1498 1501 1514 1538 1580 1585 1593 1603 1618 1633 1641 1661 1730 1754 1774 1888 1893 1956 1963 2106 2114 2128 2225
1168 5 1816 2178
1169 24 1633 1847 2091 2117
1179 8 1464
1182 5 1222
1183 8 1389 1592 1653 1808
1184 57 1211 1284 1357 1374 1496 1497 1538 1564 1585 1705 1808 1842 1855 1956 2053 2066 2120 2145 2157 2322
1185 25 1322 1525 1585 1633 1648 1662 1717 1752 1758 2004 2237
1188 2 1453
1190 4 1496
1193 23 1259 1297 1518 1595 1661 1669 1798 2160 2328
1194 1 1196
1195 5 1196 1218
1196 4 1864
1197 3 1201 1222
1200 92 1267 1393 1413 1416 1419 1453 1592 1633 1637 1723 1754 1781 1792 1814 1919 1956 2053 2066 2102 2116 2120 2135 2174 2225 2231 2251 2264 2297 2322
1201 32 1200 1222 1253 1259 1261 1319 1322 1394 1396 1413 1425 1428 1476 1482 1487 1489 1496 1497 1514 1580 1593 1603 1726 2066
1202 68 1200 1201 1250 1253 1284 1291 1297 1353 1407 1428 1482 1489 1492 1514 1525 1531 1547 1555 1580 1585 1597 1604 1608 1622 1661 1697 1700 1701 1717 1717 1752 1758 1793 1847 1861 1864 1893 1919 1919 1927 1997 2053 2066 2181 2251
1203 20 1199 1291 1307 1326 1357 1549 1633 1679 1692 1697 1855 1979 2168
1204 58 1199 1201 1220 1222 1234 1259 1267 1286 1305 1330 1372 1375 1394 1402 1618 1633 1648 1662 1679 2231 2325
1207 24 1211 1277 1489 1633 1652 1680 2323
1210 221 1203 1222 1230 1243 1284 1286 1297 1319 1330 1352 1353 1357 1374 1377 1378 1384 1389 1393 1394 1396 1402 1407 1412 1413 1416 1418 1420 1425 1492 1514 1534 1547 1549 1549 1565 1585 1592 1608 1658 1678 1707 1717 1717 1730 1744 1749 1754 1758 1772 1777 1783 1787 1792 1814 1848 1855 1880 1893 1903 1908 1919 1964 1965 1966 1991 1992 2062 2066 2073 2076 2079 2085 2091 2095 2097 2109 2117 2120 2128 2135 2157 2165 2168 2181 2193 2210 2211 2240 2253 2273 2281 2297 2322 2324 2345
1211 66 1253 1261 1267 1279 1286 1372 1375 1413 1471 1496 1514 1521 1585 1648 1661 1701 1705 1772 1787 1798 1808 1814 1819 1836 1842 1842 1849 1956 1966 2062 2106 2128 2151 2157 2174 2193 2225 2328
1212 2 1211
1215 40 1211 1357 1492 1534 1621 1633 1734 1754 1847 1880 1919 1953 2066 2117 2264 2323
1219 1 1220
1221 75 1203 1222 1236 1253 1259 1282 1284 1296 1375 1378 1390 1394 1396 1413 1425 1439 1492 1518 1524 1538 1566 1571 1585 1587 1603 1608 1688 1754 1774 1814 1847 1858 1888 1927 1963 1966 2097 2168 2174 2210 2225 2241 2290 2324
1228 9 1956
1230 31 1234 1243 1286 1297 1437 1514 1587 1621 1700 1701 1774 1814 1880 1893 1908 1953 1969 1987 2066 2117 2333
1233 9 1321 1439 1490 2066
1234 15 1297 1428 1464 1538 1580 1587
1235 20 1203 1326 1330 1389 1412 1413 1418 1420 1425 1464
1236 98 1201 1203 1211 1221 1230 1234 1253 1261 1279 1291 1297 1297 1319 1357 1378 1390 1394 1425 1428 1439 1453 1471 1482 1484 1489 1492 1496 1514 1518 1520 1521 1525 1538 1555 1593 1603 1610 1618 1622 1633 1641 1661 1701 1734 1754 1783 1808 1816 1847 1893 1918 1965 1966 1973 2066 2097 2120 2151 2251 2257 2328 2338
1237 4 1439
1241 33 1201 1201 1234 1286 1297 1319 1330 1484 1514 1549 1618 1661 1758 1956 1973 2066
1242 12 1199 1201 1201 1241 1261 1286 1322 1496 1555
1243 2 1593 2128
1245 10 1221 1241 1259 1286
1246 7 1286 1484 1979
1247 69 1201 1253 1297 1297 1297 1319 1357 1374 1385 1407 1428 1453 1468 1482 1484 1514 1580 1585 1633 1662 1754 1847 2145 2251 2257 2324 2328
1248 22 1221 1236 1241 1297 1297 1297 1402 1412 1425 1428 1484 1525 1587 1649 2066 2151 2328
1252 2 1241
1253 21 1382 1501 1566 1610 1729 1788 1847 1884 2071
1259 41 1221 1296 1297 1372 1389 1394 1413 1571 1633 2209 2338
1260 1 1261
1261 6 1514
1262 2 1444
1264 1 1241
1267 61 1211 1250 1259 1285 1319 1357 1496 1514 1521 1534 1566 1608 1672 1700 1707 1717 1791 1811 1835 1908 1964 1965 2014 2016 2085 2097 2135 2251
1271 2 1282
1272 1 1277
1273 1 1277
1274 1 1277
1275 1 1277
1276 1 1277
1278 51 1201 1203 1211 1211 1230 1234 1253 1279 1286 1297 1297 1319 1319 1326 1413 1418 1425 1428 1439 1446 1468 1471 1476 1484 1490 1496 1538 1563 1580 1618 1622 1633 1772 1774 1808 1816 1893 1918
1279 126 1201 1211 1234 1236 1248 1253 1267 1286 1297 1297 1319 1319 1321 1326 1357 1377 1425 1428 1428 1441 1446 1453 1464 1468 1471 1484 1485 1489 1490 1496 1506 1507 1513 1518 1520 1524 1531 1538 1549 1549 1549 1555 1563 1573 1580 1587 1595 1597 1608 1610 1618 1619 1629 1633 1638 1641 1649 1652 1654 1661 1662 1672 1716 1726 1732 1768 1774 1780 1847 2062 2341 2345
1280 2 2251
1281 10 1282 1464 1489 1707 1772 1888 1893
1282 3 1384
1284 18 1285 1286 1534 1585 1688 1697 1723 1726 1965 1966 1983 1987 2079
1285 24 1286 1305 1378 1688 1723 1726 1965 2066 2079
1286 55 1230 1284 1285 1394 1403 1413 1420 1688 1706 1901 1903 1965 2079 2145 2193 2206
1290 15 1234 1297 1330 1377 1439 1497 1518 1573 1580
1291 34 1203 1261 1330 1357 1375 1377 1402 1497 1506 1549 1814 1977 2102 2106 2251 2256 2297
1292 5 1402
1293 26 1297 1319 1330 1377 1464 1484 1486 1507 1531 1542 1842 1855 2193
1296 9 1315
1297 48 1211 1234 1248 1330 1439 1484 1514 1585 1633 1679 1705 1836 1836 1847 2145 2210 2297 2323
1299 4 1442 1485 1525 1855
1301 3 1203 1307
1305 227 1201 1234 1239 1291 1296 1297 1315 1321 1330 1357 1389 1393 1403 1413 1416 1419 1453 1490 1498 1556 1563 1571 1587 1592 1593 1595 1600 1603 1604 1608 1633 1646 1648 1653 1679 1723 1734 1754 1769 1781 1792 1808 1814 1918 1919 1935 1956 2016 2102 2114 2116 2120 2135 2174 2209 2225 2231 2251 2252 2256 2257 2264 2290 2297 2322 2323 2324 2325 2338
1306 19 1203 1234 1253 1307 1476 1484 1514 1726 1808
1308 4 1413 1425 1816
1311 2 1372
1314 1 1296
1315 3 1296 1566 1908
1316 7 1296 1836 1842 1908
1317 1 1296
1318 2 1296
1319 185 1200 1201 1203 1211 1236 1253 1261 1267 1279 1296 1322 1326 1357 1374 1382 1402 1418 1420 1428 1428 1439 1446 1453 1465 1468 1482 1487 1492 1496 1521 1531 1537 1538 1549 1556 1566 1573 1585 1593 1595 1603 1604 1608 1618 1622 1628 1633 1633 1638 1641 1648 1654 1658 1678 1680 1697 1700 1706 1714 1729 1734 1754 1758 1768 1772 1774 1793 1802 1805 1808 1814 1816 1849 1855 1880 1888 1893 1918 1919 1927 1953 1956 1966 1969 1973 1987 1992 2066 2073 2095 2097 2106 2117 2119 2128 2145 2151 2160 2231 2240 2307 2322 2328
1322 12 1267 1418 1497 1633
1326 6 1322 1439 1893 2004
1329 2 1633 1638
1331 6 2160
1335 39 1250 1253 1285 1297 1374 1384 1425 1442 1521 1555 1628 1638 1672 1726 1772 1798 1835 1848 1861 1864 1992 2076 2168 2178 2329
1336 8 2014 2091
1338 3 1407 1412
1339 4 1585 1593
1346 2 1412
1350 114 1199 1201 1211 1230 1248 1253 1261 1279 1285 1297 1319 1322 1389 1411 1428 1482 1487 1489 1490 1492 1496 1506 1514 1520 1534 1538 1547 1555 1566 1585 1597 1608 1610 1619 1621 1622 1628 1633 1638 1649 1652 1657 1658 1661 1662 1672 1678 1700 1701 1717 1718 1726 1732 1757 1758 1768 1774 1783 1788 1791 1793 1798 1802 1805 1811 1816 1836 1842 1849 1855 1858 1859 1901 1903 1908 1953 1963 1966 1969 1973 2062 2117 2151 2157 2178 2240 2285 2322
1352 118 1199 1200 1201 1211 1230 1234 1236 1248 1253 1261 1284 1285 1297 1297 1319 1319 1396 1411 1420 1428 1453 1482 1487 1489 1496 1497 1514 1531 1534 1555 1556 1566 1573 1580 1583 1585 1603 1608 1618 1622 1628 1629 1638 1649 1658 1661 1697 1714 1717 1726 1746 1747 1752 1757 1758 1774 1780 1783 1787 1791 1802 1805 1811 1816 1842 1849 1858 1859 1893 1908 1920 1927 1956 1963 1966 1969 1973 1979 1985 1987 2004 2055 2060 2066 2073 2106 2119 2137 2151 2157 2165 2181 2211
1353 24 1473 1548 1783 1836 1848 1977 1997 2071 2181 2276
1354 5 1372 1411
1355 3 1412 2066
1356 18 1322 1493 1595 1638 1732 1780 1842 1855
1357 84 1201 1203 1230 1234 1236 1253 1279 1291 1319 1322 1352 1377 1428 1439 1468 1471 1476 1482 1496 1497 1513 1514 1518 1525 1538 1571 1580 1585 1593 1603 1604 1619 1622 1641 1649 1661 1672 1701 1726 1734 1747 1758 1774 1792 1808 1814 1859 1956 1963 1966 2102 2264 2328
1358 7 1307 1497 1549 1836
1360 10 1864
1362 3 1701
1367 17 1402 1538 1571 1679 2290 2324
1368 12 1542 1816 1842 1855 1927 1987 2325
1373 3 1248 1375
1374 385 1247 1253 1267 1285 1297 1297 1353 1375 1384 1393 1403 1419 1464 1473 1506 1521 1534 1573 1580 1585 1633 1637 1646 1648 1653 1680 1705 1717 1730 1733 1746 1772 1774 1788 1792 1799 1808 1814 1847 1858 1865 1888 1903 1918 1919 1956 1991 2001 2066 2071 2095 2102 2109 2116 2117 2120 2121 2135 2137 2145 2168 2174 2181 2193 2202 2223 2225 2246 2253 2257 2258 2264 2322 2323 2325 2338
1376 1 1382
1377 31 1234 1253 1279 1297 1297 1382 1396 1402 1484 1490 1496 1514 1518 1597 1652 1661 1774 1783 1805 1842 1966
1378 13 1284 1382 1453 1723 1726 1965 1966 1977 2071 2079 2246
1379 1 1382
1380 59 1201 1203 1234 1253 1297 1297 1297 1319 1374 1377 1382 1402 1407 1413 1418 1420 1425 1439 1464 1468 1471 1476 1487 1492 1513 1518 1538 1547 1573 1621 1638 1705 1754 1772 1774 1787 1956 2062 2066 2073 2117 2119 2151 2193
1381 51 1253 1315 1378 1382 1453 1453 1482 1514 1566 1610 1613 1622 1662 1688 1705 1780 1805 1908 1992 2016 2137 2165
1382 9 1297 1453 1777 2257
1383 4 1384 1389
1384 20 1374 1389 1416 1593 1837 1847
1385 24 1389 1593
1386 56 1203 1211 1236 1253 1353 1389 1413 1420 1425 1428 1444 1482 1489 1496 1518 1525 1534 1555 1566 1585 1595 1622 1641 1649 1717 1772 1774 1791 1842 1848 1858 1893 1901 1903 1927 1953 1966 2071 2085 2241
1387 1 1389
1388 2 1384 1389
1390 28 1211 1297 1377 1394 1420 1679 1705 1992 2151 2174 2264 2297 2322 2323 2325
1391 1 1394
1392 2 1394 1525
1393 3 1394
1394 6 1390 1464 1496
1395 192 1200 1201 1236 1243 1248 1250 1253 1267 1284 1285 1291 1297 1319 1322 1353 1357 1378 1384 1390 1396 1407 1419 1428 1444 1453 1471 1482 1492 1501 1514 1534 1538 1547 1550 1555 1566 1580 1583 1597 1603 1604 1608 1613 1618 1621 1628 1641 1669 1697 1700 1701 1705 1714 1723 1729 1730 1734 1754 1781 1792 1798 1811 1816 1836 1842 1842 1847 1848 1858 1859 1880 1901 1903 1927 1964 1965 1966 1969 1973 1979 1983 1985 1987 1992 1997 2062 2066 2071 2076 2085 2097 2106 2109 2114 2117 2120 2137 2145 2151 2168 2174 2178 2181 2193 2202 2225 2240 2241 2246 2251 2264 2297 2322 2328 2329 2333 2341
1397 1 1402
1398 1 1402
1399 1 1402
1400 1 1402
1401 3 1402
1403 3 1199 1412 2079
1404 1 1412
1405 1 1412
1406 2 1411 1412
1407 3 1412 1772
1408 1 1412
1409 1 1412
1410 1 1412
1416 6 1384 1633 2109
1419 29 1291 1384 1420 1521 1992 2157 2256 2297 2323 2338
1420 13 1322 1525 1587 1633 1638 1654 1752 1780 2151 2165 2211
1421 1 1425
1422 1 1425
1423 5 1425 1573 1648
1424 41 1201 1234 1236 1291 1297 1297 1357 1377 1416 1425 1428 1464 1482 1484 1556 1593 1595 1603 1618 1622 1792 1814 1919 1927 1966 2073 2225 2251
1426 1 1203
1427 2 1203 1307
1428 159 1199 1200 1203 1211 1248 1279 1284 1291 1297 1297 1319 1322 1326 1357 1374 1378 1390 1407 1444 1471 1482 1489 1496 1514 1520 1521 1534 1555 1566 1583 1585 1613 1619 1622 1628 1629 1633 1648 1649 1654 1661 1662 1672 1697 1701 1714 1717 1726 1734 1746 1747 1754 1772 1774 1781 1787 1788 1791 1793 1798 1802 1805 1811 1816 1848 1849 1858 1859 1880 1893 1901 1903 1919 1927 1963 1965 1966 1969 1973 1979 1983 1985 1987 2004 2060 2066 2066 2073 2085 2091 2095 2106 2114 2119 2137 2151 2165 2168 2202 2210 2211 2252 2256 2276 2290 2324 2328 2333
1429 2 1203
1430 2 1203 1307
1431 1 1203
1432 1 1697
1433 2 1428 1428
1434 1 1439
1438 1 1326
1439 9 1234 1236 1319 1484 1518 1538 1814
1441 23 1201 1253 1297 1428 1514 1525 1991 2073 2097 2101 2348
1442 17 1234 1297 1319 1428 1444 1446 1487 1496 1525 1538 1555 1774 1780
1443 3 1319 1446
1444 2 1442 1446
1445 1 1446
1446 3 1442 1444
1447 7 1234 1428 1439 1490 1593 1618 1641
1448 2 1319 1319
1449 1 1319
1450 1 1319
1451 4 1319 1319 1322 1618
1452 1 1453
1454 1 1464
1455 1 1464
1456 1 1464
1457 5 1464
1458 1 1464
1459 1 1464
1460 1 1464
1461 1 1464
1462 30 1377 1428 1464 1497 1549 1633 1633 1842 1842 1849 1864 1920 2066 2165 2328
1463 22 1279 1284 1464 1484 1653 1808 1893 1992 2264
1465 8 1357 1798 2323
1466 24 1211 1319 1377 1428 1468 1476 1538 1593 1597 1633 1701 1718 2073 2264 2328 2329
1467 8 1441 1468
1468 19 1201 1471 1476 2264
1469 4 1603 1608 1672
1470 115 1234 1243 1247 1297 1297 1297 1310 1319 1374 1385 1428 1471 1476 1482 1484 1487 1492 1496 1501 1555 1585 1603 1622 1641 1658 1661 1700 1701 1774 1799 1816 1836 1857 1893 1918 1956 1966 1969 1977 2135 2209 2328
1471 45 1211 1234 1248 1253 1279 1297 1297 1322 1489 1490 1501 1514 1556 1603 1628 1641 1661 1672 1701 1726 1752 1758 1768 1880 1956
1473 70 1211 1279 1284 1357 1374 1419 1428 1487 1646 1688 1692 1697 1730 1747 1754 1783 1793 1859 1880 1893 1919 1953 1963 1979 2004 2097 2102 2174 2225 2289
1480 44 1230 1253 1284 1407 1484 1492 1514 1534 1585 1622 1628 1633 1658 1700 1717 1758 1772 1780 1788 1791 1798 1802 1805 1811 1816 1842 1849 1859 1893 1901 1908 1979 1987 1992 2128
1481 1 1484
1482 26 1200 1297 1484 1496 1514 1547 1580 1585 1621 1622 1697 1701 1805 1816 1893 1903 1953 1966 1969 2066
1483 51 1211 1234 1261 1279 1297 1377 1411 1428 1484 1487 1490 1496 1497 1507 1514 1525 1537 1538 1555 1573 1580 1595 1633 1649 1716 1717 1726 1758 1768 1774 1791 1798 1802 1805 1811 1842 1849 1859 1893
1487 115 1199 1201 1211 1248 1253 1279 1297 1297 1319 1322 1428 1442 1471 1489 1501 1520 1525 1534 1549 1610 1618 1619 1622 1629 1633 1638 1641 1648 1654 1658 1661 1662 1669 1672 1679 1689 1692 1701 1707 1718 1726 1732 1746 1747 1752 1816 1836 1847 1855 1857 1858 1893 1901 1903 1908 1953 1969 1973 1979 1987 1991 2073 2325 2338
1489 41 1201 1234 1236 1253 1279 1307 1374 1428 1482 1487 1490 1514 1520 1538 1555 1583 1593 1621 1622 1653 1662 1700 1701 1772 1816 1847 1855 1893 1953 1969 1997 2060 2062 2066 2281
1492 159 1199 1200 1201 1211 1230 1236 1253 1279 1284 1297 1297 1319 1377 1407 1428 1487 1489 1496 1506 1518 1520 1525 1534 1537 1538 1550 1555 1580 1585 1587 1593 1595 1597 1600 1603 1618 1619 1621 1622 1633 1641 1649 1652 1654 1658 1661 1689 1692 1700 1701 1726 1734 1747 1754 1772 1774 1783 1814 1816 1847 1858 1880 1888 1893 1901 1903 1908 1918 1919 1927 1966 1969 1987 1992 1997 2066 2073 2106 2128 2178 2225 2251 2256 2322 2322 2328 2341
1495 10 1201 1482 1514 1734 1816 1893 1973
1496 190 1199 1200 1201 1211 1230 1248 1253 1261 1267 1279 1297 1297 1307 1319 1322 1353 1357 1357 1360 1377 1393 1416 1428 1482 1487 1492 1501 1514 1521 1555 1571 1585 1593 1603 1610 1618 1621 1622 1633 1646 1648 1653 1654 1658 1697 1700 1701 1718 1726 1734 1754 1772 1774 1780 1783 1791 1798 1808 1814 1816 1836 1842 1842 1847 1849 1859 1880 1893 1903 1908 1919 1953 1956 1966 1969 1973 1992 2001 2066 2071 2073 2114 2116 2117 2120 2145 2211 2225 2241 2251 2256 2297 2324 2328
1497 18 1201 1234 1322 1531 1538 1550 1556 1573 1580 1593 1956 2145 2157 2297
1499 10 1497 1547 1573 1580 1597 1658 1774 1956
1500 26 1199 1497 1538 1717 1956 1956 2134 2174 2256 2323
1501 19 1322 1471 1496 1501 1514 1633 1788 1811 2225
1502 2 1234 1506
1503 2 1506 1638
1504 6 1506 1513 1633 1633 2231
1505 3 1506 1893
1506 34 1385 1489 1520 1524 1556 1649 1652 1654 1662 1672 1717 1849 1880 2062 2135 2160 2333
1507 2 2062
1509 1 2237
1510 16 1234 1377 1441 1497 1513 1518 1524 1531 1538 1556 1563
1515 1 1441
1516 1 1441
1517 1 1441
1520 3 1253
1521 104 1199 1201 1211 1211 1230 1261 1267 1279 1319 1323 1374 1411 1419 1482 1487 1492 1496 1514 1583 1585 1608 1621 1633 1633 1679 1700 1706 1714 1744 1746 1747 1768 1772 1780 1787 1791 1808 1814 1836 1842 1842 1888 1893 1919 1964 1992 1997 2062 2066 2066 2117 2120 2128 2174 2178 2225 2241 2297 2328 2341
1522 90 1261 1514 1521 1534 1628 1688 1700 1754 1758 1780 1791 1842 1842 1857 1880 1893 1903 1956 1990 2066 2145 2210 2297 2328 2329 2339
1523 1 1524
1524 4 1692
1525 33 1248 1253 1261 1279 1322 1428 1442 1487 1489 1514 1520 1628 1633 1649 1652 1654 1669 1717 1780 1788 1791 1793 1798 1802 1811
1526 4 1279 1411
1528 1 1531
1530 10 1428 1566 1835 1859
1533 1 1533
1534 1 1538
1535 2 1538 1604
1536 1 1538
1537 72 1211 1234 1291 1357 1407 1492 1514 1538 1549 1549 1622 1729 1734 1754 1808 1814 1816 1919 1966 1969 2066 2066 2145 2174 2240 2256 2289
1538 75 1199 1201 1236 1248 1253 1297 1319 1322 1428 1482 1487 1489 1492 1496 1514 1534 1555 1564 1610 1622 1697 1700 1701 1726 1732 1734 1746 1747 1752 1768 1774 1802 1805 1811 1816 1836 1855 1858 1893 1918 1953 1969 1973 2066 2120 2256
1542 237 1234 1319 1353 1385 1473 1492 1549 1565 1608 1628 1648 1700 1783 1783 1798 1799 1823 1833 1836 1842 1842 1855 1859 1893 1919 1972 1997 2071 2129 2193 2240 2276 2333 2348
1547 27 1374 1482 1492 1497 1549 1549 1573 1593 1956 1966 2066 2117
1548 2 1497
1549 522 1199 1201 1211 1230 1243 1247 1248 1261 1267 1279 1284 1285 1291 1297 1297 1297 1307 1319 1322 1352 1353 1357 1360 1374 1378 1385 1390 1407 1416 1419 1428 1441 1453 1471 1473 1482 1487 1489 1492 1496 1497 1501 1514 1521 1534 1547 1555 1565 1566 1571 1580 1583 1585 1592 1597 1603 1608 1613 1618 1619 1621 1622 1628 1633 1633 1641 1646 1648 1653 1658 1661 1672 1679 1688 1697 1700 1701 1705 1706 1714 1717 1717 1723 1726 1729 1730 1733 1734 1744 1746 1747 1749 1754 1768 1772 1774 1777 1781 1783 1787 1792 1793 1798 1799 1802 1805 1808 1814 1816 1836 1842 1842 1847 1849 1857 1858 1859 1880 1888 1893 1903 1908 1918 1919 1919 1927 1953 1956 1963 1964 1965 1966 1969 1973 1977 1979 1985 1987 1990 1992 1997 2001 2016 2062 2066 2066 2071 2072 2073 2076 2085 2091 2097 2102 2114 2116 2117 2120 2128 2134 2135 2144 2145 2151 2157 2165 2168 2174 2178 2181 2193 2209 2225 2231 2237 2240 2240 2241 2251 2252 2252 2256 2257 2258 2264 2273 2276 2290 2297 2322 2322 2323 2324 2326 2328 2329 2333 2338 2339 2341 2350
1550 20 1497 1729
1551 1 1497
1552 50 1239 1284 1285 1291 1482 1534 1566 1628 1633 1646 1700 1707 1717 1734 1788 1808 1858 1880 1893 1908 1991 2073 2114 2116 2134 2323
1553 10 1428 1482 1514 1758 1788 1816 2323
1554 4 1556 1563
1555 67 1230 1234 1236 1297 1319 1428 1482 1487 1489 1492 1496 1514 1556 1563 1587 1597 1608 1622 1629 1633 1641 1658 1672 1689 1692 1697 1700 1701 1718 1768 1774 1780 1802 1805 1816 1847 1893 1901 1903 1908 1966 1969 1973 2066 2117 2264
1558 1 1563
1559 1 1563
1560 2 1563
1561 1 2333
1564 27 1353 1390 1496 1555 1622 1679 1687 1700 1701 1772 1783 1805 1893 1953 1969 1992 1992 2151
1565 7 1749 1798 2329
1566 42 1315 1378 1453 1628 1705 1734 1847 1903 1908 2071 2073 2079 2117 2246 2328
1568 1 1277
1569 4 1569 1718 1793
1570 4 1569
1571 23 1200 1279 1297 1357 1357 1482 1514 1585 1603 1621 1638 1652 1661 1956 1992 2066 2071
1574 1 1537
1575 1 1537
1578 1 1580
1579 1 1580
1582 9 1211 1253 1279 1428 1521 1654 1752 1774
1583 78 1211 1236 1428 1437 1482 1492 1542 1549 1549 1600 1604 1608 1608 1619 1621 1633 1637 1706 1754 1757 1787 1842 1919 1956 1965 1987 2073 2117 2174 2202 2225 2231 2241 2256 2273 2297 2323
1584 1 1587
1585 80 1211 1243 1248 1279 1284 1297 1378 1384 1482 1492 1520 1547 1587 1618 1622 1641 1646 1654 1661 1672 1697 1700 1723 1726 1754 1772 1787 1811 1836 1836 1847 1855 1858 1888 1903 1966 1969 1973 1979 2066 2066 2076 2079 2091 2114 2117 2145 2193 2329
1587 4 1248 1585
1589 6 1201 1236 1428 1603
1590 1 1593
1591 1 1593
1592 25 1384 1416 1489 1593 1792 2073 2109 2157 2165 2174
1594 108 1211 1230 1236 1248 1253 1279 1297 1319 1428 1442 1471 1482 1487 1489 1496 1514 1534 1549 1555 1566 1585 1595 1610 1619 1622 1628 1629 1638 1641 1649 1652 1654 1658 1661 1662 1669 1689 1692 1697 1701 1707 1714 1717 1717 1718 1726 1732 1746 1747 1752 1758 1774 1783 1788 1791 1802 1836 1855 1858 1859 1880 1888 1893 1901 1903 1919 1963 1966 1969 1977 1979 2062 2097 2135 2174 2193
1596 31 1199 1201 1319 1550 1597 1633 1772 2117 2120 2325 2328
1599 3 1489 1600 1774
1601 4 1428 1603
1602 1 1603
1603 8 1243 1835 2332
1604 4 1253 1603
1605 10 1199 1253 1442 1520 1525 1654 1657
1606 4 1927
1607 2 1661
1608 344 1199 1201 1211 1211 1230 1243 1248 1250 1253 1267 1279 1284 1291 1297 1297 1297 1307 1319 1353 1357 1374 1378 1384 1390 1393 1407 1416 1419 1428 1444 1453 1471 1482 1489 1492 1514 1520 1521 1525 1534 1542 1565 1566 1583 1585 1592 1604 1610 1613 1619 1621 1622 1628 1629 1641 1649 1654 1662 1669 1672 1678 1689 1692 1700 1701 1707 1714 1717 1717 1718 1723 1730 1732 1734 1746 1747 1749 1752 1754 1758 1772 1781 1788 1791 1792 1798 1802 1808 1811 1814 1816 1835 1842 1842 1847 1848 1855 1857 1858 1888 1893 1901 1903 1908 1919 1919 1927 1956 1963 1964 1965 1969 1973 1977 1979 1983 1985 1987 1991 1992 1997 2004 2060 2066 2066 2071 2072 2073 2076 2079 2091 2097 2101 2109 2116 2117 2119 2120 2128 2135 2137 2145 2145 2160 2165 2168 2174 2178 2181 2193 2210 2210 2225 2231 2240 2246 2251 2253 2256 2264 2273 2285 2297 2322 2323 2325 2328 2328 2329 2333 2339 2341 2345 2348 2350
1609 1 1201
1610 12 1201 1211 1236 1253 1297 1428 1496 1555 1641 1726 1747 1903
1611 1 1596
1612 5 1211
1613 12 1236 1496 1520 1610 1903 2223
1614 71 1211 1211 1236 1267 1279 1322 1357 1374 1442 1514 1525 1549 1583 1592 1621 1622 1628 1669 1717 1734 1774 1780 1787 1802 1805 1811 1814 1842 1848 1857 1859 1893 1903 1919 1919 1987 1992 2071 2205 2225 2256 2297 2328 2348
1615 109 1199 1200 1211 1230 1248 1253 1279 1285 1297 1319 1407 1428 1442 1471 1482 1487 1496 1501 1520 1534 1550 1555 1566 1585 1618 1619 1622 1628 1633 1633 1638 1641 1649 1657 1658 1661 1669 1672 1689 1697 1707 1717 1726 1730 1746 1747 1752 1768 1772 1774 1788 1791 1798 1802 1811 1816 1858 1880 1893 1901 1903 1908 1927 1953 1963 1965 1966 1969 1973 1983 1987 1991 2066 2073 2079 2095 2097 2109 2119 2137 2168 2178 2181 2350
1617 1 1618
1619 4 1297 1428 1487 1726
1620 1 1428
1621 76 1211 1353 1378 1428 1444 1492 1514 1521 1583 1622 1697 1700 1714 1729 1734 1749 1754 1783 1808 1816 1842 1858 1880 1888 1901 1919 1979 1985 1987 2071 2120 2128 2174 2210 2211 2240 2246 2273 2322 2322 2328 2329 2341
1622 39 1279 1297 1297 1357 1428 1482 1487 1492 1496 1514 1585 1700 1701 1772 1788 1816 1893 1953 1966 1973 1992 2328
1623 36 1357 1428 1487 1555 1565 1893 1966 2323 2341 2345
1625 2 1525
1626 2 1525
1628 10 1471 1514 1542 1629 1669 1811 1858 2128 2193
1630 2 1279 1633
1631 5 1610 1633 1758
1632 3 1471 1633 1661
1637 1 1638
1638 3 1637 1661
1639 36 1284 1378 1473 1592 1621 1637 1638 1783 1858 2016 2071 2079 2091 2095 2237 2241
1641 2 1489
1642 1 1489
1643 1 1489
1644 46 1297 1384 1489 1521 1661 1717 1717 1787 1842 1842 1859 1956 1997 2004 2091 2097 2165 2211 2237 2332
1645 2 1648
1646 4 1199 1585 2339
1647 15 1211 1279 2144
1651 1 1652
1653 2 1654
1655 1 1520
1656 1 1520
1658 5 1661 1697
1659 1 1661
1660 1 1661
1661 36 1211 1305 1754 1808 1953 1966 2066 2102 2151 2328
1662 4 1903
1664 3 1888
1665 1 1471
1666 1 1471
1667 32 1628 1669 1802 1857 1859 2328
1668 5 1669 1816 2091
1670 16 1390 1646 1847 1997 2117 2120 2145 2165 2240 2294
1674 7 1250 1279
1675 2 1279 1956
1676 1 1279
1677 2 1199 1279
1678 2 1211 1977
1681 2 1442
1682 1 1442
1683 2 1641 1802
1684 9 1416 1641 1653 2102 2225 2322
1685 1 1641
1686 1 1501
1687 6 1501 2151
1688 24 1285 1378 1453 1723 1726 1965 1966
1689 2 1787
1690 2 1692
1691 47 1416 1492 1566 1622 1692 1723 1769 1836 1842 1908 1919 2117 2323 2328
1693 6 1566 1610 2062 2073
1694 1 1701
1695 1 1701
1696 3 1622 1701 1893
1697 42 1247 1555 1633 1701 1808 1842 1849 1855 1880 1966 2072 2237 2258 2328
1698 1 1701
1699 1 1701
1700 48 1297 1353 1482 1496 1521 1555 1585 1622 1697 1701 1714 1772 1787 1816 1847 1893 1918 1953 1969 1985 1992 2066 2066 2071 2073 2076 2117 2120 2128 2151 2178 2202 2322
1701 98 1360 1416 1473 1549 1549 1621 1648 1700 1723 1734 1754 1847 1888 1919 1997 2120 2328
1705 44 1297 1419 1542 1565 1566 1707 1723 1808 1888 1919 2071 2102 2120 2241 2251 2256 2264 2322 2323
1706 4 1705 2114
1707 29 1267 1285 1297 1384 1697 1705 1723 1888 1977 2076 2116 2181
1711 7 1211 1697 1855 1956 2210 2328
1712 1 1319
1713 1 1319
1714 4 1319 2137
1715 1 1718
1716 4 1718 1747
1717 98 1211 1261 1284 1297 1297 1322 1357 1482 1585 1622 1658 1697 1718 1744 1752 1855 1858 1918 1956 1969 1973 1979 1987 2004 2053 2062 2066 2128 2157 2210 2281 2328 2339
1719 10 1496 1596 1622 1726 1772 1965
1720 13 1285 1378 1453 1726 1965
1721 1 1726
1722 14 1378 1403 1726 1808 2079
1723 1 1726
1724 1 1726
1725 1 1726
1729 15 1200 1353 1754 1857 1888 1893 2014 2264
1730 29 1549 1565 1732 1772 2016 2109 2246 2323 2328 2339
1732 16 1416 1487 1492 1730 1772 1811 1893 1908 2256
1733 40 1247 1352 1482 1514 1549 1799 1816 1966
1734 47 1211 1322 1357 1378 1453 1521 1585 1633 1754 1808 1893 1918 1969 2066 2128 2241 2246 2328
1735 1 1322
1736 1 1199
1737 6 1199
1738 3 1199 1811 2085
1739 1 1199
1741 6 1419 1496 1723 2174 2322
1742 5 1746 1780 1859 1901
1743 1 1746
1744 5 1746
1745 1 1746
1746 7 1378 1744 1788 1848 1893 2237
1748 37 1307 1453 1521 1592 1637 1646 1747 2264
1749 63 1297 1565 1633 1646 1783 1918 1919 1919 1997 2062 2072 2145 2210 2210 2231 2285 2329 2338
1751 13 1717 1717 1730 1734 1979
1753 1 1758
1754 18 1496 1658 1729 1758 1893 1918 2066 2117 2211 2240 2251 2345
1755 1 1758
1756 82 1200 1230 1250 1261 1297 1315 1353 1390 1411 1492 1514 1534 1547 1550 1608 1622 1628 1658 1697 1700 1717 1749 1758 1780 1783 1787 1788 1791 1798 1802 1805 1811 1816 1836 1836 1849 1859 1888 1901 1903 1908 1918 1964 1977 2071 2073 2145 2193 2246 2253 2273 2332
1757 16 1628 1730 1758 1783 1788 1791 1849 1855 1857 1920 1973 2106 2151
1758 2 1788 1802
1759 3 1514 1780 1966
1762 37 1493 1496 1555 1774
1763 1 1687
1764 1 1811
1765 4 1407 1487 1849 1983
1766 19 1250 1297 1496 1700 1768 1791 1835 1842 1964 2062 2240 2290
1767 75 1200 1473 1496 1534 1628 1706 1768 1772 1774 1780 1802 1811 1847 1919 2066 2097 2114 2209 2237 2256 2328
1769 64 1211 1261 1284 1416 1549 1585 1754 1781 1965 1966 2102 2117 2120 2253
1772 95 1243 1374 1378 1407 1492 1496 1514 1521 1549 1550 1555 1585 1621 1622 1646 1700 1723 1730 1774 1780 1783 1791 1798 1805 1811 1836 1842 1847 1859 1880 1888 1893 1903 1927 1964 1966 1977 1987 1992 1992 1997 2066 2071 2095 2106 2117 2120 2128 2151 2157 2168 2174 2178 2210 2246 2264 2329 2333 2339 2341
1775 1 1777
1778 4 1780 1791 1966
1781 6 2114
1782 2 1781
1783 58 1353 1411 1416 1492 1542 1621 1700 1749 1754 1903 1918 1992 1997 2062 2066 2071 2120 2237 2241 2246 2251 2322
1789 11 1658 1783 1920 2144 2251
1790 2 1791
1792 11 1284 1805 1842 1857 1858 1908 1987 2073 2095
1794 25 1393 1482 1706 1814 1847 1919 2071 2135 2225 2246 2251 2297 2324
1795 41 1357 1416 1453 1549 1571 1633 1717 1798 1805 1814 1919 2016 2210 2251 2290 2324
1796 38 1798 1982 2160
1797 1 1798
1799 42 1357 1628 1966
1800 20 1493 1628 1787 1836 1842 1858 1908 2246
1803 20 1549 1613 1811 1842 1919 2071 2109 2168
1804 1 1811
1805 2 1811 1893
1806 1 1811
1807 6 1811
1808 103 1230 1284 1285 1353 1378 1384 1407 1419 1482 1492 1514 1521 1549 1549 1564 1566 1585 1608 1621 1622 1700 1705 1717 1723 1734 1772 1783 1805 1811 1816 1847 1888 1919 1927 1969 1977 1992 2004 2066 2106 2117 2120 2145 2157 2174 2256 2297 2328
1809 2 1811 1859
1810 1 1811
1811 37 1267 1297 1352 1393 1473 1633 1648 1973 2001 2114 2240 2332
1813 33 1549 1688 2144 2145 2210
1814 79 1291 1357 1393 1416 1734 1754 1781 1919 2001 2134 2225 2251 2256 2276 2323
1816 10 1482 2066 2256
1820 90 1211 1267 1291 1297 1357 1374 1419 1492 1514 1521 1621 1633 1646 1653 1734 1754 1792 1808 1814 1888 1918 1918 1919 1956 1992 2053 2062 2102 2117 2120 2128 2225 2231 2256 2290 2297 2322 2323 2328 2333 2338
1821 3 1514 1633
1822 10 1230 1514 1585 1880 1893 1903 1908 1966 2073
1823 45 1353 1444 1498 1749 1858 1893 1953 1963 2128
1825 1 1842
1826 1 1842
1827 2 1842
1828 2 1842 1849
1829 2 1717 1842
1830 3 1542 1842 1855
1831 4 1542 1842 1842 1855
1832 6 1805 1842 2210
1833 5 1842 1855 2112
1834 1 1842
1835 55 1200 1211 1374 1407 1416 1492 1592 1792 1842 1918 2066 2240 2297 2322 2323
1836 16 1211 1297 1585 1608 1622 1842 1956 2193
1837 26 1315 1407 1542 1566 1754 1842 1919 2060 2073 2076 2091 2119 2168 2251
1838 54 1239 1285 1407 1585 1622 1707 1714 1730 1757 1772 1849 1893 1953 1969 1973 1991 1992 2060 2066 2066 2071 2073 2079 2095 2097 2106 2109 2128 2151 2157 2168 2178 2210
1844 1 1849
1845 1 1849
1846 1 1849
1847 46 1411 1787 1849 1893 1903 1908 1953 1973 2066 2066 2178 2324
1848 13 1211 1787 1849 2062 2102 2256 2328
1849 1 1211
1855 12 1622 1697 1859 1893 1927 1956 1963 2237
1856 1 1859
1857 6 1230 1859
1858 1 1859
1862 1 1864
1865 1 1411
1866 1 1411
1867 2 1411 1865
1868 20 1378 1411 1444 1583 1613 1714 1749 1783 1848 1985 2071 2085 2091 2128 2210 2241 2253
1869 4 1717 1717 2062
1870 1 1717
1871 2 1717 1717
1872 4 1717
1873 1 1717
1875 26 1393 1705 1730 1837 2102 2174 2225 2256 2264
1879 13 1880 2120
1885 43 1357 1482 1534 1549 1893 1908 2016 2102 2114 2135 2210 2225 2231 2256 2257 2322
1886 3 1211 1697 1893
1887 2 1893
1888 28 1243 1613 1646 1893 1956 1977 2102 2128 2145 2157 2211 2253 2323 2329 2339 2341 2350
1889 1 1893
1890 1 1855
1891 23 1211 1230 1384 1633 1893 1992 2102 2205
1892 5 1893 1953 1963 1969
1894 1 1534
1895 1 1534
1896 50 1211 1315 1374 1390 1498 1534 1549 1549 1956 2066 2109 2144 2324 2345 2348
1899 6 1230 1284 1901 2066
1900 1 1901
1902 1 1903
1905 1 1908
1906 1 1908
1907 1 1908
1908 9 1315 1566 1858 1927 1963 2333
1909 1 1908
1911 1 1908
1912 3 1908
1913 1 1908
1914 2 1658
1915 16 1658 2237
1916 1 1658
1917 1 1658
1918 18 1211 1492 1542 1565 1700 1920 1977 1992 2062 2066 2117 2322
1919 113 1200 1211 1243 1284 1353 1378 1390 1419 1482 1521 1542 1547 1550 1566 1583 1585 1608 1613 1622 1697 1714 1734 1749 1757 1783 1787 1816 1836 1842 1848 1888 1920 1964 1973 1977 1979 1983 1985 1987 1997 2007 2055 2060 2062 2066 2071 2073 2085 2091 2119 2120 2137 2145 2157 2205 2210 2211 2241 2246 2251 2253 2264 2273 2285 2290 2345
1921 1 1230
1922 126 1230 1267 1291 1353 1357 1393 1416 1419 1521 1549 1549 1571 1633 1705 1706 1717 1723 1734 1754 1781 1808 1814 1847 1888 1919 1919 1992 2053 2116 2117 2135 2145 2174 2202 2225 2251 2273 2322 2325
1923 1 1855
1924 2 1855
1925 22 1542 1633 1717 1836 1842 1855 1977 1983 2004 2165 2328
1926 1 1855
1927 2 1855
1928 3 1927 2060
1929 1 1855
1930 1 1855
1931 14 1353 1542 1842 1855 1888 1927 1964 1997
1932 1 1855
1933 1 1855
1934 1 1855
1935 5 1548 1855
1937 6 1473 1548
1941 1 1857
1945 2 1816
1947 7 2210 2328
1948 8 1608 1621 1956 2004 2157
1951 26 1953 2117 2128 2257 2297 2324
1952 3 1482 1622 1816
1958 1 1963
1959 1 1963
1960 1 1963
1961 2 1963
1962 27 1200 1284 1407 1482 1550 1622 1697 1787 1816 1858 1927 1963 1966 1969 1979 1987 2095 2106 2151 2157 2165 2211
1964 10 1966
1965 9 1284 1285 1378 1566 1966 2079 2137
1966 17 1285 1378 1585 1706 1723 1965 1977 2079
1967 31 1267 1285 1416 1723 1734 1754 1858 1969 1990 2178 2209 2252
1968 1 1969
1972 184 1211 1239 1247 1267 1291 1297 1307 1315 1357 1416 1549 1549 1571 1596 1633 1706 1734 1754 1781 1792 1799 1823 1918 1973 2016 2062 2114 2209 2210 2225 2252 2256 2257 2285 2290 2297 2323 2324 2325 2338
1975 1 1284
1976 6 1284 1285 1977
1977 33 1243 1284 1353 1378 1482 1565 1608 1621 1707 1772 1836 1888 1997 2004 2062 2076 2145 2240 2246 2329 2332 2339 2341
1978 1 1284
1980 44 1482 1492 1585 1622 1700 1772 1816 1835 1842 1888 1956 1964 2073 2128 2145 2174 2240 2241 2329 2338 2341
1981 2 1816
1982 26 1250 1267 1816 2004 2062
1984 7 2252
1985 57 1357 1390 1482 1492 1549 1549 1621 1622 1633 1700 1734 1749 1754 1888 1919 1919 1987 1992 1997 2062 2117 2128 2157 2209 2231 2241 2323 2328
1986 13 1585 1772 1787 1888 1985 1987 2145 2193 2211
1988 1 1622
1989 1 1622
1990 29 1239 1352 1549 1622 2066 2324
1991 66 1267 1291 1374 1384 1419 1482 1521 1622 1633 1637 1646 1653 1705 1723 1734 1754 1792 1808 1814 1842 1956 1992 2097 2102 2120 2174 2225 2256 2264 2322
1992 16 1384 1492 1622 1700 1808 2117 2120 2128
1993 3 1622
1995 3 1919
1997 88 1285 1297 1353 1378 1407 1482 1492 1542 1547 1585 1608 1613 1621 1697 1700 1707 1717 1730 1749 1757 1772 1783 1787 1835 1842 1848 1919 1965 1977 1991 2004 2062 2066 2071 2073 2079 2085 2095 2097 2106 2109 2117 2119 2128 2151 2157 2165 2168 2178 2181 2202 2210 2240 2241 2246 2273 2332
2000 1 1482
2001 37 1482 1492 1700 1783 1991 2004 2071 2241
2003 42 1267 1297 1633 1814 2231 2325 2338
2009 46 1211 1267 1357 1707 1717 1835 1964 1992 2014 2135 2174 2193 2237 2257 2297 2328
2010 11 2095
2012 3 2014 2135
2014 11 1267 2095 2135 2237 2253
2016 12 1315 2237
2028 1 1729
2029 2 2135
2033 13 1473 1548
2038 5 2341 2350
2041 5 1378
2049 2 1697
2050 4 1697 1730 2322
2051 1 1697
2052 13 1697 1717 1835 2117 2193 2246
2053 1 1200
2054 3 1564 2055 2066
2056 1 1550
2057 1 1550
2058 1 1550
2059 3 2060
2061 4 1585 1646 1888
2062 118 1243 1267 1285 1297 1353 1378 1444 1492 1542 1565 1566 1583 1585 1613 1621 1633 1678 1700 1707 1714 1717 1749 1754 1757 1772 1783 1836 1842 1848 1888 1919 1965 1977 1985 1991 1997 2066 2071 2073 2079 2085 2091 2095 2097 2109 2114 2119 2128 2137 2145 2151 2157 2165 2168 2178 2181 2193 2202 2210 2211 2241 2246 2253 2273 2285 2297 2322 2325 2328 2329 2333 2339 2341 2350
2063 16 1285 1378 1585 1707 1730 1835 1965 1977 2079 2117
2064 2 2066 2066
2065 45 1297 1323 1549 1549 1633 1772 1808 1842 1919 1956 2066 2066 2225 2240 2328
2068 2 1783
2069 17 1250 1323 1608 1717 1964 2076 2339
2070 1 2073
2071 8 1378 1992 2066 2073 2145 2211
2072 121 1250 1285 1291 1374 1378 1384 1390 1419 1444 1492 1521 1542 1547 1583 1592 1596 1608 1621 1637 1646 1653 1700 1707 1717 1723 1730 1749 1757 1772 1787 1808 1835 1836 1842 1847 1848 1888 1918 1956 1964 1977 1985 1991 1997 2062 2073 2091 2097 2102 2106 2117 2128 2137 2151 2157 2178 2193 2210 2240 2256 2264 2322 2323
2077 1 1991
2081 1 1707
2082 1 1707
2083 1 2322
2084 8 1997 2085 2091 2092 2095 2185 2247
2085 28 1250 1419 1521 1608 1792 1835 1919 1992 2076 2091 2095 2117 2128 2264 2322 2332
2086 1 2095
2087 1 2095
2088 4 1997 2085 2091 2095
2089 1 2095
2090 1 2095
2091 6 1307 1836 2095 2193 2328
2092 6 2085 2091 2095 2185 2247
2093 52 1250 1374 1416 1566 1608 1717 1772 1792 1835 1847 1964 1992 2095 2117 2119 2137 2157 2174 2240 2323
2095 6 2182 2185 2193
2096 2 1730
2099 21 1297 1353 1547 1565 1700 1997 2062 2085 2091 2092 2101 2182 2185 2193 2244 2247 2290 2348
2102 31 1211 1243 1291 1416 1473 1492 1549 1633 1769 1777 1808 2106 2323 2328
2103 2 2106
2104 1 1407
2105 3 2231
2108 4 2109
2109 27 1453 2066 2350
2110 3 1407
2111 4 1407 1688
2114 31 1291 1706 1734 1754 1781 1919 1965 2016 2251
2115 12 1285 1310 1835 1965
2116 14 1723 1888 1977 2114 2114 2117
2117 18 2066 2119
2118 114 1239 1285 1492 1547 1565 1566 1571 1633 1646 1700 1714 1769 1772 1792 1847 1888 1919 2071 2114 2119 2128 2209 2240 2246 2256 2323 2324 2328 2332 2338 2345
2119 4 1814
2120 56 1353 1492 1549 1608 1621 1700 1714 1772 1781 1783 1842 1848 1997 2001 2071 2117 2128 2145 2225 2246 2276 2328 2329 2333 2350
2125 3 1566 1836 2145
2128 3 1992
2129 42 1990 2144 2210 2328
2130 8 1646 1723 1977
2133 122 1211 1243 1250 1291 1297 1374 1384 1390 1419 1492 1521 1547 1565 1596 1608 1621 1637 1646 1653 1700 1705 1717 1723 1772 1808 1835 1836 1842 1847 1888 1918 1918 1956 1964 1977 1992 2062 2076 2102 2117 2120 2174 2193 2240 2322 2323 2329 2332 2341 2345 2350
2134 13 1990 2144 2328
2135 143 1247 1267 1297 1419 1453 1473 1633 1729 1792 1837 1972 2014 2117 2120 2145 2174 2225 2251 2256 2289 2322 2323 2324 2328
2136 1 2137
2138 1 1285
2141 2 1772 2151
2142 2 2151
2143 1 2151
2144 17 2151 2210 2328
2145 134 1549 1608 1637 1653 1734 1814 1847 1888 2066 2120 2144 2151 2210 2258 2289 2297 2323 2328
2146 1 2151
2147 1 2151
2148 1 2151
2149 2 2151
2150 1 2151
2155 1 2157
2156 17 1353 1492 1549 1608 1621 1700 1772 1888 1992 2071 2241 2329
2159 7 1444 1848 1888 1919 1997 2071 2128
2160 11 1297 1416 2066 2328
2167 1 2168
2168 3 2174
2169 32 1211 1374 1390 1521 1621 1705 1772 1836 1842 1888 1977 1997 2117 2120 2174 2202 2241 2246 2285 2294 2322 2329
2170 2 1772
2171 9 1297 1772
2172 24 1250 1384 1608 1772 1956 1964
2173 1 1772
2174 49 1353 1374 1583 1592 1621 1808 2066 2102 2120 2160 2210 2256 2328 2332 2339
2179 1 2181
2180 1 2181
2182 1 2185
2183 1 2185
2184 3 2085 2185 2264
2186 57 1291 1315 1403 1419 1705 1769 1808 1918 1919 2174 2209 2264
2188 2 1548
2192 3 1315
2193 8 1211 1297 1492 1836 2062
2194 1 2145
2196 3 2085
2197 3 1835 2085
2198 3 2085 2091 2247
2199 1 2085
2200 2 2202
2201 1 2202
2206 4 1608
2209 25 1357 1416 1633 1646 1653 1787 2120 2252 2338
2210 16 1749 1787 2211 2246 2253
2212 1 1985
2213 1 1985
2214 3 1985 1997
2215 12 1444 1714
2216 1 1714
2217 6 1714
2218 1 1444
2219 1 1444
2221 1 1613
2222 1 1613
2223 13 1613
2224 3 2102 2128
2225 36 1492 1564 1700 1992 2071 2117 2128 2135 2145 2323 2328
2226 23 1374 1571 2128
2227 4 1808 2071 2128
2228 1 2234
2229 17 1416 1717 1754 2116 2117 2135 2225 2234
2230 38 1297 1419 1608 1633 1700 1792 1808 1847 1964 2117 2120 2135 2231 2240 2256
2231 26 1250 1492 1608 1706 1835 1964 2117
2232 2 1956
2233 34 1250 1492 1547 1608 1717 1919 1956 2117 2193 2251 2332 2345
2234 12 1267 2116 2285
2235 1 1783
2236 75 1267 1291 1357 1393 1416 1679 1734 1754 1781 1783 1792 1814 1848 1919 2071 2116 2135 2145 2225 2231 2241 2246 2251 2256 2273 2323 2325
2237 254 1291 1297 1305 1315 1357 1416 1549 1549 1633 1637 1688 1706 1729 1734 1744 1754 1769 1781 1919 1990 2014 2016 2091 2114 2134 2144 2145 2209 2251 2252 2256 2257 2276 2289 2290 2297 2324 2328
2238 1 2091
2239 1 2241
2240 106 1243 1297 1307 1393 1492 1549 1565 1608 1633 1842 1888 2066 2071 2102 2117 2120 2160 2174 2209 2237 2241 2256 2256 2285 2322 2325 2328 2341
2241 14 1353 1492 1621 1700 1888 1992 1997 2117
2242 3 1749 1848
2243 1 2242
2246 7 1919 2323
2249 38 1353 1403 1565 1608 2071 2145 2281 2322 2338
2250 2 2071 2246
2251 23 1542 1679 1977 2071 2231 2332
2252 15 1549 1744 2251 2253
2254 6 1847 1888 1992
2255 31 1243 1291 1390 1492 1547 1565 1700 1836 1842 1888 1919 1964 2193 2290 2323 2333 2350
2256 125 1291 1297 1374 1384 1419 1521 1549 1549 1565 1608 1646 1653 1705 1723 1808 1814 1847 1918 1992 2066 2076 2102 2117 2120 2134 2145 2174 2225 2240 2264 2322 2329 2341
2257 47 1734 1823 1919 2120 2135 2144 2145 2225 2246
2258 90 1297 1549 1648 1733 1842 2066 2145 2246 2328
2259 1 2246
2264 51 1353 1357 1403 1473 1549 1653 1729 2328
2267 1 2273
2268 1 2273
2269 2 2273
2270 1 2273
2272 31 1211 1492 1521 1633 1653 1700 1792 1992 2117 2120 2193 2225
2274 33 1250 1267 1437 1492 1608 1700 1835 1888 1919 1964 2117 2135 2145 2240 2329 2332
2276 21 2276
2278 1 2276
2280 1 1664
2281 2 2193
2282 5 1542 1997 2285
2283 1 1542
2285 16 1393 1633 1679 1997 2135 2210 2231
2286 6 1297 1492 1621 1700 1997
2287 4 1492 1997
2288 1 2290
2289 13 1385 1888 1977 2237
2290 95 1297 1307 1385 1549 1744 1777 1990 2114 2144 2209 2210 2252 2252 2257 2289 2297 2324
2291 1 1977
2292 1 1977
2293 2 1888 1977
2294 4 1977
2295 1 1888
2296 2 1888
2297 150 1267 1297 1307 1357 1384 1416 1571 1633 1700 1723 1734 1754 1792 1814 1847 1888 1956 1990 2066 2072 2117 2134 2144 2145 2174 2193 2209 2225 2290 2328 2333 2338
2298 26 1211 1792 1888 1964 2289 2328
2299 65 1390 1549 2120 2251 2256 2322 2328
2300 1 1390
2301 1 1390
2302 1 1390
2304 1 2305
2306 4 1492
2308 1 2285
2309 3 2285
2314 1 1297
2319 1 2325
2322 15 1547 1621 1700 1835 1992 2289 2350
2323 54 1243 1297 1492 1549 1571 1633 1729 1836 1847 2066 2114 2174 2193 2225 2297 2323
2324 2 1565
2326 249 1239 1297 1307 1310 1385 1453 1549 1571 1621 1633 1688 1706 1729 1744 1769 1777 1935 1990 2016 2066 2114 2129 2134 2144 2145 2209 2210 2252 2252 2257 2289 2290 2297 2307 2324 2325 2328 2329 2338 2339 2341 2350
2328 205 1211 1239 1297 1384 1492 1521 1547 1549 1549 1564 1608 1621 1637 1646 1653 1700 1723 1808 1835 1836 1842 1847 1956 1964 1990 1992 2053 2062 2066 2076 2117 2120 2134 2160 2174 2193 2209 2240 2252 2257 2264 2297 2322 2324 2329 2332 2341 2345 2350
2330 2 2333
2331 2 2333
2332 20 1250 1835 2116 2333
2334 1 2339
2335 1 2339
2336 1 2339
2337 1 2339
2338 5 1964 2323
2340 4 2341
2342 4 1211 1918 2345
2343 4 1250 1992 2345
2344 1 2345
2349 2 2350
2356 57 1706 1734 2114 2210 2289 2324 2328
2357 12 1267 1492 1521 1547 1700 1754 1964
2359 2 1621
2360 2 1621
2363 4 1315 1393 2193
2364 10 2290
2365 58 1357 1521 1571 1705 1706 1754 1792 1992 2174 2256 2297 2328
2366 6 1374 1835
2369 134 1352 1493 1799 1964 2014 2160 2276
2370 2 1964
2371 93 1250 1267 1291 1315 1357 1416 1437 1453 1492 1705 1734 1754 1781 1792 1808 1814 1837 1847 1919 1964 2053 2117 2174 2225 2251 2264 2323 2324
2372 5 1700 1835 1964 2182
2373 3 2135
2374 1 1964
2375 32 1250 1384 1419 1608 1637 1653 1688 1964 2066 2120 2256
2376 22 1374 1964 2066 2237 2240
2378 4 2062
2379 46 1307 1688 1744 1777 2062 2114 2134 2257 2328
2380 1 2062
2381 37 1385 1956 2117 2297 2323
2382 2 1297 1297
2384 65 1315 1385 1385 1416 2237 2256 2328
2387 52 1648 1680 2193
2388 1 2193
2389 1 2193
2390 2 2193
2393 3 1836 2332
2398 56 1250 1549 1571 1706 1734 1847 2144 2209 2210 2297 2326
2399 2 1700
2401 1 1323
2402 1 1323
2403 2 1842
2404 1 1842
2405 1 1842
2406 2 1842
2407 4 1608 1842
2410 27 1492 1700 1799
2411 96 1297 1385 1419 1492 1571 1633 1680 1700 1754 1918 1919 1990 1990 1992 2016 2114 2120 2129 2144 2209 2210 2251 2252 2256 2290 2307 2325
2412 3 1492
2413 2 1492
2414 5 1700 1865 1956
2416 22 1211 1291 1723 1835 2120 2323
2427 6 1608 2237
2435 29 1211 1297 1633 1637 1646 1723 1992 2117 2174 2231 2240 2256
2440 43 1982 2237 2257
2444 6 2237
2456 31 2285
2458 7 2237
2462 3 1250 1608 2182
2469 3 1956
2472 76 1267 1315 1357 1393 1416 1419 1437 1521 1549 1592 1637 1705 1723 1734 1754 1781 1808 1918 2076 2102 2116 2120 2174 2225 2237 2264 2322 2323
2473 83 1267 1291 1374 1384 1393 1419 1521 1637 1646 1653 1688 1705 1723 1734 1754 1781 1792 1808 1814 1847 1918 1919 1956 1992 2102 2116 2117 2120 2135 2174 2225 2251 2256 2264 2322
2474 101 1267 1291 1307 1357 1374 1384 1393 1416 1419 1592 1646 1705 1723 1734 1754 1781 1792 1808 1814 1847 1919 2066 2116 2117 2120 2135 2145 2174 2225 2231 2251 2256 2264 2297 2322 2328
2476 35 1291 1357 1416 1705 1734 1754 1919 2225 2264 2323
2478 2 2120
2480 3 1608
2481 8 1608
2482 3 1250 1608
2485 286 1239 1267 1291 1307 1315 1357 1360 1393 1403 1453 1473 1549 1549 1549 1571 1637 1648 1688 1705 1723 1729 1754 1769 1792 1808 1990 2014 2016 2114 2116 2120 2135 2145 2174 2225 2237 2256 2257 2289 2297 2323 2325 2328 2328
2487 1 2240
2488 20 1633 1769 1919 2102 2120 2144 2145 2240 2328
2491 1 2182
2492 1 2182
2493 5 2182
2497 37 1211 1744 1814 2117 2120 2174 2225 2256 2297
2502 22 1549 1835 2174 2297 2323
2503 1 1835
2504 82 1453 1769 1799 1835 2066 2144 2256 2297 2323 2328 2338
2505 1 1835
2506 28 1706 1835 2016 2145 2251
2507 64 1297 1352 1357 1393 1416 1633 1646 1781 1814 1835 1847 1919 1992 2102 2116 2117 2120 2135 2225 2231 2264 2322 2324 2325
2508 13 1374 1835 2323
2509 7 1374 1384 1835
2510 69 1250 1267 1297 1416 1437 1633 1648 1653 1792 1808 1814 1847 1992 2102 2117 2120 2134 2174 2231 2328
2517 4 1310 1918 2117 2120
2535 24 1453 1549 2066 2145 2240
2541 27 1211 1297 1549 1754 1918 2144 2251 2256 2323
2542 73 1267 1307 1453 1549 1637 1723 1956 1990 2016 2066 2102 2120 2145 2174 2225 2231 2264 2290 2297 2323 2328
2544 9 2328
2546 28 1357 1416 1419 1549 1633 1734 1956 2102 2145 2174 2322 2338
2547 64 1357 1437 1792 1808 2209 2290 2297 2325 2328
2548 12 1847 2117 2144
2549 63 1211 1357 1648 1734 1754 1808 1918 1919 1956 2251 2256
2550 16 1357 1416 1549 1717 1956 2116 2174 2264
2551 2 1211
2555 11 1653 1956 2102 2120 2322
2556 1 1956
2557 77 1310 1315 1419 1596 1637 1646 1705 1723 1769 1918 1956 2053 2102 2120 2174 2264 2322 2323 2340
2558 2 1956
2559 54 1291 1385 1729 1734 1744 1754 1814 1847 1956 2120 2225 2256 2289 2324
2560 89 1239 1291 1305 1360 1571 1754 1956 2016 2066 2114 2210 2256 2323 2324
2561 2 1956
2562 1 1956
2563 1 1956
2564 49 1352 1473 1799 1956 2066 2134 2237 2324
2565 827 1211 1239 1247 1267 1291 1297 1305 1307 1310 1315 1357 1360 1374 1384 1385 1393 1403 1416 1419 1437 1498 1549 1549 1549 1571 1596 1633 1637 1646 1653 1679 1680 1688 1705 1706 1723 1729 1734 1744 1754 1769 1777 1781 1792 1799 1808 1814 1865 1915 1918 1919 1935 1956 1982 1990 1990 2014 2016 2053 2066 2102 2114 2116 2120 2133 2134 2135 2144 2144 2145 2160 2174 2209 2210 2223 2225 2231 2237 2237 2240 2251 2252 2252 2256 2257 2258 2264 2289 2290 2297 2322 2323 2324 2325 2328 2338
2566 6 1792 2102
2568 1 1808
2569 5 1374 2294
2570 1 1717
2572 7 1935
2576 138 1297 1315 1357 1416 1633 1679 1680 1688 1705 1781 1865 1919 2001 2053 2102 2144 2160 2174 2231 2251 2285 2324 2338
2578 13 1646 1653 1717 2117 2323
2585 46 1549 2066 2120 2252 2328 2338
2592 8 1799 2117 2237
2593 26 1374 1521 1734 1754 1847 2102 2117 2322 2328
2594 42 1297 1847 2001 2066 2117 2120 2174 2256 2264 2322
2595 42 1297 1357 1357 1548 1808 2117 2134 2174 2237 2264 2276 2328
2596 13 1646 2117
2597 1 2117
2598 5 1847 1992 2117 2251
2599 9 2117
2605 58 1688 1808 1992 2001 2120 2144 2174 2251 2323
2608 14 1419 1723 2174 2264 2322
2611 8 2323
2612 29 1291 1548 2323
2613 17 1777 2114
2617 22 1646 1653 1918 2102 2231 2323
2618 50 1267 1549 1549 1734 1814 1847 1992 2066 2120 2174 2209 2231 2252 2256
2619 44 1357 1416 1549 1754 1781 1808 1847 2328
2620 26 1564 2120 2294
2621 8 2160
2623 47 1453 1571 1633 1919 2209 2257 2324
2626 3 1374 1717
2628 1 1847
2646 30 1291 1437 1734 1808 1823 1847 2120 2256
2647 16 1291 1521 1564 1646 1847 1992 2053 2174 2264
2651 216 1297 1305 1360 1416 1437 1549 1549 1571 1688 1706 1729 1754 1769 1777 1918 1990 2001 2016 2066 2145 2174 2209 2225 2231 2240 2252 2256 2257 2289 2290 2322 2324 2328 2338
2653 102 1267 1297 1307 1453 1549 1688 1734 2016 2066 2144 2206 2209 2237 2252 2257 2328
2654 56 1267 1291 1357 1416 1744 1781 1792 1990 2053 2116 2210 2297 2324
2655 30 1792 2210
2657 35 1297 1352 2252 2257 2297 2324
2658 231 1305 1498 1680 1688 1729 1744 1769 1982 1990 2014 2114 2129 2144 2209 2240 2252 2257 2290 2297 2324 2326
2659 5 1990 2066
2660 148 1267 1360 1393 1633 1734 1754 1781 1814 1990 1990 2066 2114 2116 2135 2144 2145 2231 2252 2323 2324 2325 2328
2662 2 2256
2663 2 2076
2665 6 2251 2256 2322
2667 93 1799 2276 2325
2671 1 2294
2672 12 1374 1384 1521 1564 1992 2076 2294
2673 1 2294
2674 83 1267 1291 1297 1305 1357 1393 1416 1571 1734 1754 1814 1992 2016 2114 2116 2209 2225 2231 2251 2252 2252 2290 2297 2324
2675 1 1992
2676 3 1992
2677 37 1549 1982 1992
2680 6 2076
2683 8 1357 2322 2323
2686 120 1267 1297 1357 1393 1416 1437 1571 1688 1777 1792 1814 2016 2116 2135 2225 2231 2237 2237 2285 2290 2297 2325 2328 2338
2687 11 1633 2338
2688 516 1239 1247 1267 1297 1305 1310 1352 1357 1360 1385 1393 1416 1437 1453 1473 1549 1549 1549 1571 1633 1648 1679 1680 1688 1706 1733 1734 1744 1754 1769 1781 1792 1799 1814 1823 1919 1982 2001 2014 2016 2114 2116 2134 2135 2144 2145 2209 2210 2225 2231 2237 2240 2251 2252 2252 2256 2257 2258 2276 2289 2290 2297 2307 2324 2325 2326 2328 2338
2689 34 1799 2257 2325
2690 25 1267 1357 1679 1754 1814 2116 2225 2231 2325
2691 39 1357 1799 2134 2324 2328
2692 18 1393 1633 2135 2325 2338
2693 132 1239 1310 1416 1571 1633 1744 1792 1990 2134 2209 2252 2289 2290 2297 2324 2328
2695 6 2325
2696 61 1267 1393 1688 1799 2135 2144 2225 2237 2325 2328
2697 45 1297 1549 1633 1769 2066 2134 2144 2231 2323 2326 2328
2698 5 2325
2699 63 1416 1706 1744 2116 2252 2325 2326
2700 113 1239 1571 1633 1706 1990 2016 2114 2134 2209 2210 2252 2257 2290 2297 2324 2325 2328 2338
2701 12 1633 2174 2225 2264 2325
2702 39 1633 1680 1734 2135 2225 2251
2703 42 1393 1571 1633 1814 2016 2116 2135 2225 2231 2290 2297 2325 2338
2704 40 1267 1393 1437 1723 1754 1814 1919 2135 2225 2237 2251 2324 2325
2706 13 1814 2325
2707 100 1239 1357 1385 1437 1473 1549 1633 1679 1733 1814 1919 2066 2225 2237 2251 2289 2325 2328 2338
2713 166 1239 1297 1307 1385 1453 1549 1571 1633 1706 1729 1777 1990 2016 2066 2134 2144 2209 2210 2252 2252 2257 2289 2290 2297 2307 2324 2325 2328 2338
2715 2 1384
2716 1 1384
2717 1 1384
2718 1 1384
2719 20 1549 1637 1729 1808 2134 2252 2328
2727 35 1211 1357 1521 1754 1918 2251 2289 2297 2328
2728 1 1521
2730 1 1374
2733 1 2237
2736 1 1374
2737 16 1374 2135
2738 3 1374
2739 1 1374
2740 28 1374 1637 1646 1653 2102 2120
2744 36 1637
2746 20 1549 1549 2066 2102 2256 2328
2747 65 1297 1729 1744 2145 2257 2289 2290 2328
2748 1 1637
2749 1 1637
2752 5 1744
2757 3 1653 2102
2760 20 1385 2066 2145 2258
2764 1 1646
2765 30 1646 1729 2144 2257 2273
2766 1 1646
2767 1 1646
2768 29 1291 1419 1646 1705 1723 1808 2053 2120 2174 2264 2323
2772 1 1592
2773 1 1592
2774 45 1297 1310 1403 1416 1592 1705 1706 1918 2114 2323 2328
2775 36 1633 1799 2120 2174 2285 2297 2328
2778 16 1211 2053
2788 4 2102
2789 3 1211 2257
2790 145 1297 1357 1453 1549 1549 1571 1633 1706 1744 1754 1814 1982 1990 2114 2116 2120 2135 2144 2160 2174 2209 2231 2256 2297 2322 2324 2326
2791 15 1297 1808 1918 2297
2792 17 1419 1723 2120 2174 2264
2796 3 1808
2811 9 2066
2815 10 1291 1633 1734 2102 2322 2323
2819 12 1549 1633 2016
2822 29 1211 1291 1723 2114 2174 2256 2322 2323
2830 7 1723 2120 2323
2831 39 1972 2001 2256 2328
2832 27 1360
2833 7 1419 1549
2838 20 1211 1297 1419 1633 2290
2839 5 1419
2840 11 1419 1808 2174 2256 2264
2842 93 1357 1549 1571 1633 1754 1919 1990 1990 2016 2135 2144 2209 2231 2252 2290 2297 2324
2845 2 1723
2846 1 1723
2847 1 1723
2848 1 1723
2849 1 1723
2850 1 1723
2851 45 1723 1754
2852 2 1723
2855 13 1360 2225 2264
2856 2 2264
2857 1 2264
2858 2 2264
2859 90 1239 1769 2144 2145 2237 2264 2328
2860 5 1919
2866 4 1211 2053
2871 165 1239 1307 1310 1357 1360 1393 1416 1453 1571 1688 1706 1769 1781 1814 1919 2016 2066 2116 2134 2135 2145 2225 2231 2251 2257 2290 2297 2325 2328
2872 54 1307 1393 1453 1549 1679 1706 1915 2114 2135 2225 2323
2875 6 1393
2880 2 1453
2883 18 1416 1799 2323
2898 2 2174 2297
2899 1 2174
2900 28 1267 1297 1549 1571 1633 1705 1706 1754 1918 2066 2134 2174
2903 5 1679 2053
2904 16 1211 1357 1416 1549 1734 1754 1918 1919 2053
2909 51 1310 1754 2135 2237
2912 26 1357 1393 1416 1734 1754 1769 1919 2072 2135 2231 2251 2325
2913 9 1305 1705
2914 4 1754 1808
2916 1 1705
2917 2 1705
2918 3 1705
2919 2 1211 1705
2923 33 1734 2252 2256 2307 2328 2328
2925 18 1596 1808 1918
2932 50 1549 1648 1688 1918 2145 2328
2935 30 1808
2938 1 1211
2939 5 1633
2940 91 1352 1571 1633 1919 1990 1990 2016 2114 2135 2210 2251 2273 2290 2297 2324 2325 2338
2947 10 1291
2948 23 1357 1416 1437 1734 1754 1781 2251
2950 11 1596 2323
2951 14 1385 2145 2297
2953 10 1688 1706 2338
2957 1 1918
2958 48 1267 1918 2066 2134 2225 2256 2323 2328
2964 59 1239 1267 1305 1307 1360 1734 1919 2066 2134 2210 2225 2256
2967 232 1239 1297 1305 1307 1310 1315 1549 1571 1688 1729 1734 1754 1769 2014 2016 2066 2114 2129 2134 2144 2145 2209 2210 2237 2240 2252 2252 2256 2257 2290 2297 2325 2326 2328
2968 37 1357 1416 1633 1754 2135 2225 2251 2258 2297
2972 271 1239 1247 1305 1310 1360 1549 1680 1688 1733 1769 1799 1972 1990 2001 2134 2144 2145 2237 2240 2273 2328
2974 15 1915
2976 7 1777
2978 4 2237
2981 36 1549 1799 1990 2145 2328
2982 1 1596
2983 18 1596 1982
2985 4 1315 2016
2986 3 1315
2987 7 1315 1357 1734 1754
2988 56 1315 1473 1493 2016 2252 2257 2328
2989 10 1315
2994 2 2237
2995 4 2324
2998 3 2323
2999 6 1633 2323
3000 31 1633 1744 2114 2144 2225 2323
3001 5 2323
3002 5 2323
3003 1 2323
3004 3 2323
3005 27 1307 1357 1549 1549 2066 2256 2297 2323
3006 29 1267 1291 1792 1814 2225 2256 2323 2325
3007 8 2251
3009 38 1733 2145 2252 2290 2297 2328
3010 118 1291 1297 1307 1549 1633 1706 1734 1744 1754 1799 1915 1990 2135 2160 2209 2251 2252 2257 2297 2324 2325 2326
3015 30 1473 1733 2001 2258 2328
3017 3 1291 2256
3018 18 1357 1754 1919 2256
3020 48 1267 1357 1393 1416 1633 1679 1734 1754 1781 1792 1814 2116 2135 2225 2231 2325 2328
3021 5 1473
3024 47 1291 1297 1307 1453 1754 2066 2135 2225 2231 2307
3025 4 1919 2237
3026 151 1247 1297 1307 1357 1385 1548 1633 1688 1706 1729 1754 1792 1799 1814 1919 2016 2134 2135 2145 2209 2225 2237 2251 2252 2252 2307 2324 2328 2338
3027 31 1310 1549
3028 99 1393 1633 1814 2145 2209 2210 2231 2237 2252 2256 2257 2297 2326 2328
3031 42 1267 1297 1571 1633 1734 1754 2016 2231
3032 205 1239 1297 1385 1453 1680 1744 1777 1792 1799 1823 1915 2066 2134 2135 2252 2252 2257 2285 2289 2290 2326 2328
3033 38 1357 1393 1571 1734 1781 2016 2135 2251 2289 2290 2297 2328
3034 38 1297 1360 2145 2231 2237 2328
3035 13 1352 1385 2237
3037 7 2256
3038 1 2256
3039 14 1297 1633 2256 2328
3040 6 1498 2256
3041 14 1416 2256
3042 1 2256
3043 1 2256
3044 4 2256
3046 10 1633 2251
3047 10 1781 1792 1919 2251
3053 8 1633
3055 42 1297 1549 1633 1754 2114 2209 2231 2257
3056 34 1493 1571 1744 1919 2114 2144 2209 2251 2290
3057 36 1357 1357 1473 1571 1990
3059 34 1437 1453 1734 1754 1837 1919 2016 2237 2251 2328
3060 4 1919 2014 2251
3062 30 1267 1393 1416 1437 1734 1754 1781 1792 1814 1919 2116 2135 2225 2231
3071 1 2251
3072 24 1357 1393 1416 1754 1781 1792 1919 2135 2251 2325
3073 33 1310 1498 2066 2251
3074 1 2251
3075 2 1754 2251
3076 1 2251
3077 4 1919
3081 14 1633 1754 1919 2066 2135
3084 52 1297 1935 2114 2160 2210
3087 7 2016
3088 24 1297 2066 2225 2237
3089 4 1437 1754
3092 52 1769 1814 2135 2225
3094 5 1549
3095 25 1267 1357 1393 1437 1734 1754 1781 1814 1837 2116 2135 2225 2231
3098 25 1393 1416 1679 1754 1781 1814 2116 2135 2225
3101 2 1919 2072
3103 3 1688
3106 5 1357 1403
3107 10 1357 1453 2210 2297
3108 8 1267 1357 1416 2016 2237
3109 4 1734
3110 19 1734 2328
3111 1 1734
3123 3 1679
3125 16 1792 1814 2325
3142 41 1744 1982
3144 66 1453 1633 1688 1729 1792 1837 2016 2209 2237 2290 2324 2338
3145 17 1688 2145 2240 2328
3147 6 2066 2225
3148 18 1473 1549 1919 2297 2328
3150 9 2066
3153 1 1781
3154 1 1781
3156 1 1416
3159 8 2237
3168 69 1307 1453 1777 2129 2289 2328
3172 13 1385
3175 34 1453 1777 2257
3180 23 1267 1633 1744 1990 2225 2290 2297 2324 2328
3181 3 1799
3189 9 1297 1633 2066
3190 4 1548
3191 55 1247
3192 39 1305 1729 1837 2016 2210 2297 2325
3196 19 1571 2257
3197 4 1267
3199 13 1267 1729 2135 2237 2338
3200 8 1990 2114
3208 7 2237 2237
3209 32 1267 1679 2225 2237 2290
3210 6 2237 2237
3211 2 2237
3225 13 1267 1633 1814 2225 2328
3226 1 1267
3227 20 1267 1982
3228 1 1267
3233 4 2285
3238 22 1688 2225
3239 2 1706
3242 4 1919
3252 33 2134 2209 2324 2338
3256 20 1549 2066
3257 1 2116
3258 69 1688 1777 1915 2145 2328
3260 8 1549 1919
3262 8 2297
3271 2 1688
3274 60 1549
3275 10 1297 1571
3276 60 1549 1990 2134 2210 2240 2297 2328
3290 29 1571 1688 1706 2237 2252 2290 2325
3291 56 1633 1679 1744 2240 2290 2326 2328
3292 8 1679
3297 39 1633 2114 2210 2338
3301 15 1297 2114
3304 31 1633 1744 2257 2297 2338
3306 2 1297
3309 3 1297
3313 5 1777 2328
3315 13 1247 2258
3317 15 2134 2210 2328
3321 16 2237 2325
3322 1 2325
3323 1 2325
3325 6 2290
3326 12 1688
3333 14 1571 1744 2290
3334 11 1571
3338 3 1633 2114
3343 10 1297 1706 2209
3345 36 1571 1633 2145 2297
3349 9 1571 2016 2209 2252
3350 55 1360 2144 2145 2237
3352 165 1239 1247 1310 1571 1633 1688 1706 1729 1769 1799 1990 2066 2114 2134 2144 2145 2240 2257 2289 2297 2324 2328 2338
3354 5 1823
3366 31 1919 2328
3373 12 2328
3375 36 2290 2328
3377 4 2297
3378 37 1297 1385 2160 2297
3379 19 1571 1633 2016 2209 2252 2290 2297
3380 33 1982 2290 2297 2324 2328
3381 177 1403 1571 1823 2016 2290 2297
3382 1 2297
3383 2 2297
3384 3 2297
3385 1 2297
3386 11 2066
3388 11 1633 1919
3389 2 1633
3390 47 1360 1473 2001 2258 2338
3391 4 1633
3392 26 1239 1297 1549 1633 2066 2324
3393 10 1633
3394 121 1305 1549 1633 1688 1706 1729 1990 1990 2066 2129 2144 2209 2237 2252 2257 2324 2326 2328
3396 2 2016
3402 88 1305 1310 1549 1688 1729 1744 1990 2237 2252 2324
3404 73 1688 1799 2114 2257 2276 2290 2324
3417 31 1688 2134 2237 2257
3433 8 2338
3435 3 1744
3439 69 1239 1352 1385 1571 2016 2144 2206 2209 2210 2290 2324
3443 13 2328
3445 15 1549
3447 214 1305 1310 1549 1688 1799 2237 2258 2285 2326 2328
3448 3 1688
3449 306 1247 1310 1360 1473 1648 1680 1688 1733 1769 1799 2001 2014 2144 2145 2237 2240 2258 2276
3450 27 1688 1984 2144 2240
3451 49 1360 1385 1729 2144 2289
3452 91 1305 1310 1360 1403 1688 1769 1799 2328
3453 241 1247 1305 1310 1360 1385 1385 1473 1549 1680 1688 1733 1769 1799 1972 2001 2144 2145 2237 2240 2258
3454 124 1239 1305 1310 1385 1549 1688 1706 1729 1769 1990 2014 2134 2144 2210 2237 2289 2328
3455 59 1305 1310 1680 1769 2014 2144 2145 2326
3456 250 1305 1310 1352 1360 1385 1498 1549 1688 1729 1769 1799 1982 1990 2001 2014 2144 2145 2240 2276 2289 2328
3457 97 1305 1360 1498 1688 1706 1729 1799 1972 2114 2129 2144 2144 2257 2289 2326
3458 61 1473 1744 2114 2257
3459 73 1549 1799 2276
3460 17 2326
3461 49 1984 2144 2252
3462 36 1305 1352 1473 1548 2014 2144
3463 54 1360 1688
3466 12 1352 1549 2209
3468 3 2324
3470 21 1744 2209 2252
3472 9 1305 2237 2285
3477 45 1706 2209 2210 2252 2257
3478 42 1239 1297 1473 2001
3479 83 1307 1729 1744 1990 2066 2134 2237 2328 2328
3481 11 1297 2290 2324
3482 10 2209 2252 2257 2324
3483 16 1247 1990 2209
3488 14 1473 1706 2328
3498 96 1385 1473 1571 1799 2001 2237 2290
3508 7 1297
3512 8 1706 2209 2328
3518 5 1297
3519 49 1549 2134 2145 2237 2328
3521 23 2066 2328
3522 53 2001 2134 2328
3523 15 2257 2324
3525 13 1297 2114
3526 6 1706
3527 47 1403 1453 1706 1777 1915 2114 2257
3528 7 1297 2257
3531 1 2290
3535 5 2016
3536 4 2016
3541 62 1239 1935 2066 2114 2145 2210
3555 11 2324 2328
3556 11 1680 2114
3557 7 2257
3560 12 1297
3562 38 1297 1549 1990 2066 2210 2328
3567 17 2324
3568 128 1239 1307 1453 1688 1990 2066 2134 2257 2328
3569 2 2114
3571 39 1297 1403 1453 1688 2328
3576 5 2252 2252
3577 1 2252
3586 135 2160
3587 4 2324
3593 26 1403 1961 2237
3597 11 2328
3601 41 1799 2001 2276 2324
3603 10 1305 1310 2237
3607 24 2145 2237 2328
3610 4 1744
3611 19 1297 1744 2257 2324
3614 187 1247 1310 1473 1648 1733 1769 1799 1990 2001 2145 2257 2258 2276 2328
3615 113 1307 1549 1688 1706 1729 1769 1915 1990 2066 2144 2145 2237 2240 2328
3622 22 1706 1744 2257
3624 49 1247 1473 1733 1744 1990 2210 2237 2240
3625 4 1239
3630 30 1297 1729 1990 2066 2240 2276
3631 70 1307 1549 2145 2258 2328
3633 26 1549 1777 1915 2114 2252
3634 57 1799 1982 2240 2276
3635 33 1453 1729 2289 2328
3636 11 1453
3639 11 1777
3641 194 1307 1385 1549 1680 1688 1769 2134 2144 2145 2160 2210 2276 2307 2326 2328
3642 291 1239 1352 1473 1548 1648 1733 1823 1972 1982 1982 2001 2160 2276 2285
3643 35 1385 1473 2144 2276
3645 34 1239 2066 2210 2289 2328
3646 9 1777 2210
3647 13 1453 1706
3653 2 2324
3654 1 2324
3655 7 2324
3658 38 1239 1729 2237 2257 2328
3659 32 1385 1706 1729 2066 2289 2307
3660 67 1307 1769 1777 1990 2289
3661 28 1453 1706 1729 2134 2210 2328
3665 13 1385 1680 1982
3666 125 1247 1453 1648 1680 1729 1799 2134 2144 2210 2240 2326 2328
3677 2 1305
3678 13 1777 1915 2114
3682 20 1239 1744 2114 2328
3685 2 2237
3688 3 2289
3691 70 1307 1473 1799 2289
3692 4 1473
3702 1 1744
3703 1 1744
3704 1 1744
3705 2 1549 1744
3706 1 1744
3707 1 1744
3709 7 1990
3714 15 1239 2066
3719 14 1549
3720 9 2066 2210
3723 7 1297
3724 69 1239 1297 1385 1729 1990 2134 2210 2289 2328
3725 3 1297
3726 3 1297
3727 1 1297
3728 71 1297 1307 1385 1453 1473 1549 2001 2066
3729 12 1297 1307 1990 2066 2328
3730 1 1297
3731 12 1297 1915
3735 1 2210
3743 8 1385
3748 26 1688 2289
3752 15 2328
3764 6 1549
3767 3 2066
3770 9 1403 2210
3786 72 1453 1777 2001 2252 2258 2273 2277
3787 233 1305 1310 1360 1549 1680 1799 1982 2014 2129 2134 2145 2237 2252 2258 2326 2328
3794 44 1769 2129 2237
3796 107 1648 1688 1733 1769 2144 2145 2237
3798 18 1239 1688 2066 2210 2328
3803 8 1769
3804 4 2066
3806 31 1548 2134
3812 32 2145
3813 72 2134 2258 2289
3814 24 1239 2210
3815 14 2014 2114 2210 2276
3819 9 2134
3821 2 1935
3829 1 1935
3830 18 1549 1935 2240
3834 1 2114
3835 26 1799 2114
3836 1 2114
3837 1 2114
3839 5 2328
3842 12 1453
3854 79 1352 1473 1688 2134 2237 2258 2328
3869 5 2237
3871 5 2237
3872 10 1307 2066 2237 2328
3877 10 1310
3890 3 1548
3895 1 2307
3896 1 2307
3902 16 2145
3905 2 2289
3912 15 2134
3916 25 2328
3917 23 1729 1990 2014 2237 2328
3919 14 1680
3923 1 1453
3924 2 1453 2210
3925 6 1453
3928 2 2328
3948 10 2134
3949 26 1239
3956 55 1549 1990 2066 2145 2160 2276
3961 16 1549 2210 2252
3965 79 1549 1688 1769 2134 2144 2328
3969 58 1305 1403 1680 1729 1799 2328
3973 20 2134 2328
3976 43 1305 1310 2001 2144 2240 2276
3977 13 2066 2144
3980 1 2328
3982 17 2276
3985 26 1239 1498
3991 4 1549
3992 2 1549
3995 53 2276
4000 4 2210
4001 27 1385 1729 1990 2145 2289
4006 2 2210
4007 9 2134 2210
4013 4 2066
4015 2 2210
4020 6 2328
4036 139 1239 1247 1305 1310 1648 1769 2001 2134 2258
4040 71 1403 1688 1982 2144 2145 2237 2240
4041 54 1247 1972
4042 21 1239 2066
4044 53 1305 1360 1688 1769 1984 2145 2237 2240
4045 244 1305 1310 1352 1360 1403 1473 1648 1680 1688 1733 1769 1972 2144 2145 2237 2276
4046 40 1403 1769
4062 4 1990
4063 26 1990 2144
4065 104 1239 1305 1310 1688 1729 1769 1990 2014 2129 2134 2144 2289 2328
4068 6 2066
4070 56 1305 1648 1733 2001 2258
4071 15 1473
4072 21 1549 1769 2237
4073 90 1239 1307 1972 1990 2134 2144 2276
4074 33 1385 1729 1990 2066 2129 2328
4076 52 1239 2066 2134 2144 2160 2328
4077 63 1247 1305 1799 2014 2145 2237 2328
4078 2 1239
4082 15 1385
4089 3 1307
4090 1 1307
4091 1 1307
4092 1 1307
4099 101 1549 2160 2258
4116 8 2160
4119 5 1239
4120 3 1239 2328
4121 1 2328
4122 1 2328
4123 23 1239 2066 2134 2289 2328
4124 27 1239 1990 2129 2134 2289 2326 2328
4125 2 2328
4126 2 2328
4127 42 1984 2066 2134 2144 2237 2240 2328
4128 9 1239 2066 2328
4129 1 2328
4130 2 2328
4131 1 2328
4132 1 2328
4133 2 2328
4134 2 2328
4135 2 2328
4136 27 2134 2328
4137 6 2328
4138 59 1239 1990 2001 2289 2328
4139 1 2328
4140 10 2328
4141 5 1990 2328
4142 30 1688 1729 1990 2240 2328
4143 1 2328
4144 38 1305 1352 1385 2066 2145 2160 2328
4145 2 2328
4146 1 2328
4147 2 2328
4148 4 1990 2289 2328
4149 2 2328
4150 13 1548 2328
4151 79 1549 1688 1769 1799 2144 2145 2328
4152 34 1688 2145 2328
4153 1 2328
4154 1 2328
4162 15 2134
4169 4 1239
4187 8 1310 1360
4189 9 1990
4190 2 2066
4191 14 2066 2134 2144
4192 7 2066
4199 5 2144
4200 4 1498
4201 1 2134
4211 39 1729 1990 2289
4212 30 2145 2237 2289
4219 101 1305 1680 1769 2144 2145 2240
4220 3 2240
4221 41 2240
4222 28 1305 1648 1688 2145
4223 5 2326
4229 4 2134
4234 1 2289
4250 2 2144
4255 9 1305 2134
4261 23 1385 1688 2289
4266 11 1473
4276 47 1247 1473 1548 1733 2001 2258
4297 32 2276
4310 225 1352 1403 1473 1799 2001 2258 2276
4315 19 1680 1729 2289
4324 8 1385
4338 11 1473 2001
4343 4 1823
4351 4 1990
4352 1 1990
4353 69 1247 1799 1990 2001 2258
4354 4 1990
4355 40 1733 2001 2014
4366 2 1729
4377 11 2145
4379 5 1688
4383 3 2223
4401 5 2223
4405 1 1385
4407 1 1385
4415 15 1305 1360 2237
4429 9 1688
4431 4 2144
4433 17 1688
4440 5 2144
4441 186 1247 1769 1972 1982
4442 15 1360
4448 32 2144 2145
4451 6 1352 1473
4459 4 2144
4468 8 1688 2258
4483 137 1305 1498 1648 2276
4486 9 1549 2145
4487 6 1680
4488 35 1352 1498 2145
4509 11 1688
4511 9 1984
4527 6 2342
4535 5 1688
4536 58 1733 1982 2258
4545 1 1688
4547 41 1688 1769 2014 2144 2145
4550 81 1247 1549 1733 1799 2258
4557 15 2276
4564 30 2145 2326
4574 37 1305 1310
4587 25 2145
4588 9 2326
4594 1 2144
4595 2 2144
4596 1 2144
4597 1 2144
4598 34 2160
4600 15 2237
4632 202 1473 1498 1548 1680 1799 1823 2276 2285
4640 1 1984
4647 9 2145 2326
4653 80 1680 1799
4659 3 2237
4662 44 1549 1769
4663 6 1305
4664 5 2145
4665 8 1360 2145
4673 68 1352 1823 1972
4681 10 1305 1498
4682 14 1310 1769
4686 40 1305 1680
4687 19 2014 2237 2285
4688 59 1305 1310 1360 1769 2014 2237 2326
4709 24 1473
4712 91 1310 1352 1799
4718 31 1680 1799 2001
4725 33 1305 1310 1769
4739 11 1473
4748 19 1305 1310 1972
4756 32 1305 1680 2001 2014 2326
4760 5 1305 2014
4765 2 1548
4774 12 2326
4781 28 1352 1385 1865 1982 2276
4792 45 2273
4795 66 1403 1498 1982 2276
4798 3 2223
4813 45 1310 1352 1823 1972
4814 16 1360
4816 1 1360
4817 1 1360
4818 15 1305 2237
4824 88 1473 1648 1733 1799 2001 2276
4828 105 1385 1549 1982 2273
4829 57 1247 1799
4832 4 2237
4833 6 2237
4834 1 2237
4835 1 2237
4836 1 2237
4837 2 2237
4838 2 2237
4839 1 2237
4840 3 2237
4841 1 2237
4842 2 2237
4843 12 1473 2237
4844 2 2237
4845 1 2237
4846 24 2237
4847 1 2237
4848 1 2237
4849 2 2237
4850 3 2237
4851 2 2237
4852 3 2237
4853 3 1352 2237
4854 2 2237
4855 2 2237
4856 2 2237
4859 29 1310 1680
4893 5 1305 2014
4894 34 1305
4898 5 1769 2014
4899 160 1648 1680 1733 1799 1972 2001 2014 2276
4900 1 2014
4901 2 2014
4909 2 1648
4932 2 1305
4937 14 1305 1310
4948 194 1310 1385 1473 1498 1680 1799 1982 2001
4960 8 1972
4963 5 1310 1769
4966 25 1385 1680 1865
4967 317 1247 1352 1403 1473 1549 1648 1733 1799 1972 2001 2160 2258 2273 2276
4969 1 1769
4970 6 1769
4971 1 1769
4972 1 1769
4973 7 1769
4974 41 1769
4977 2 1310
4978 1 1310
4979 1 1310
4980 12 1310
4981 49 1310 2001
4982 27 1310
4983 4 1310
4988 22 2276
4989 4 1982
5002 116 1403 1549 1680 2276
5006 16 1680
5020 45 1247 1549 1799 2276
5022 173 1493 1549 1823 1982 2160 2285
5079 240 1247 1352 1473 1680 1799 1972 2001 2273 2276 2285
5090 3 1403
5102 48 1403
5103 118 1498 1823
5104 3 1473
5106 24 1403 1680
5110 84 1247 1680
5118 9 1799 2001
5119 18 1799
5121 9 2160
5123 60 2160 2276
5125 16 2273
5140 50 1352 1493 1823 2273
5143 8 1403
5155 16 1680
5162 4 1352
5166 41 1352 1549
5171 40 1799 2258
5173 121 1982
5176 100 1247 1473 1733 1799 2001 2258 2276
5177 92 1648 1972 1982
5179 212 1473 1549 1733 1982 1982 2001 2160 2258 2276
5180 47 1473 1648 1733 2001 2258
5181 29 1352
5184 64 1247 1733 1799 2258 2276
5185 120 1352 1972 2160 2273
5187 28 1473 1648
5188 211 1352 1473 1549 1648 1733 1823 1972 2160 2258
5189 237 1247 1498 1549 1799 1823 1972 2001 2160 2258 2276
5190 56 1648 1799 2001 2258
5195 3 1385
5196 29 1972 2001
5199 19 1823
5203 12 1799
5232 1 1680
5243 11 1247
5246 29 1352 1982 2276
5254 34 2160
5261 2 1385
5262 35 1473
5263 74 1473 2258 2277
5265 1 1385
5276 7 1498
5296 15 1799
5301 42 2276
5313 11 1473
5382 19 2258
5391 14 1247 2258
5419 8 2001
5427 34 2001
5428 3 1799
5431 1 1247
5432 3 1247
5439 39 1982 2273
5445 39 1549
5457 20 1799 2276
5462 7 1733
5468 7 1548 1799
5472 15 1473
5485 13 1473
5487 23 2001
5489 10 1473
5495 4 2001
5501 1 1548
5524 402 1403 1498 1549 1972 1982 2160 2273
5531 224 1352 1403 1473 1549 1823 1972 2001 2273 2276 2285
5532 16 1549 2285
5540 3 1548
5543 128 1549 2276
5552 8 1473
5553 36 2258
5582 105 1549 1972 2160 2276
5600 5 1473 2258
5606 23 1473 1648
5612 38 1549 2276
5616 12 1403 1473
5639 3 2258
5644 13 2273
5655 48 2160 2276
5656 2 2276
5675 8 1733
5684 17 2258 2276
5691 49 1648 1733 2001
5692 19 1549
5696 49 1972
5697 219 1352 1549 1648 1972 1982 1982 2160 2273
5714 42 1352 1473 1549
5733 1 2001
5739 37 2273
5761 8 1733
5763 4 1473
5764 1 1473
5765 1 1473
5773 63 1982
5787 29 1648 2276
5796 173 1498 1549 1982 2160 2276
5800 182 1403 1498
5802 248 1352 1403 1498 1823 1972 1982
5804 22 2276
5805 10 1972
5809 20 2276
5811 65 1403 1982
5814 106 1403 1549 2160 2276
5816 50 1549 1972 2160 2273
5819 52 1648 1823 1982 2276
5821 18 1352
5822 81 1972 2160
5824 29 1648 1982
5839 36 1352
5857 62 1403 2276
5862 24 1352 1549
5871 51 1982
5934 32 1352 2276
5998 80 1352
6006 47 1498
6023 16 1972
6032 70 1403 1549 1982 1982
6042 1 2276
6043 38 2276
6072 45 1498 2223
6097 24 2160
6217 28 1352
6218 47 1982
6241 64 1403
6243 32 2160
6248 10 1972
6270 57 1982
6272 80 1403 1549 1823 1982 1982 2160
6280 31 1403
6299 70 1493
6305 147 1493 1549 1972 1982 1982 2160 2285
6314 9 1823
6323 49 1972
6327 71 1403 1982
6344 2 1352
6359 72 1352 1549
6380 4 2223
6394 6 1972
6428 3 1972
6443 51 2160
6447 11 1352
6458 22 1352
6460 56 1498
6462 1 1972
6467 8 1352
6483 18 2160
6486 57 1403
6488 19 2160
6494 70 1549
6504 7 1972
6510 54 1823
6517 2 1972
6518 30 1403
6522 21 2160
6523 31 1549
6526 6 2160
6537 1 1823
6550 3 1498
6563 54 1493 1982
6577 10 2160
6578 1 2285
6579 1 2285
6580 1 2285
6581 1 2285
6582 1 2285
6583 1 2285
6584 1 2285
6585 1 2285
6596 137 1498 2223
6598 7 1403
6605 9 1352
6608 16 2160
6609 2 1549
6615 119 1403 1549 1982 2160
6619 77 1403
6620 91 1403 1549 1982
6624 122 1403 1498
6665 25 1498
6702 10 1403
6714 92 1403
6717 3 2160
6736 31 1982
6744 1 2160
6753 4 2160
6758 9 1498
6772 49 1982
6774 23 1982
6781 5 2160
6790 10 1549 1982
6793 1 2160
6794 1 2160
6795 2 2160
6906 49 1403
6907 183 1403 1498 2223
6912 3 1549
6916 30 1403
6924 12 1498
6949 5 1982
6951 26 1498 1549 1982
6971 5 1403
6990 1 1982
6991 18 1982
6993 75 1982
6994 9 1403
7045 36 1498
7047 133 1498 1865 1982
7052 114 1403
7055 95 1498
7056 29 1982
7057 100 1498 1982
7062 3 1982
7080 58 1982
7086 111 1403 1498 1982
7092 75 1403 1982
7104 15 1403
7188 12 1403
7218 1 1919
7219 1 1919
7222 1 1403
7225 24 1982
7240 1 1403
7241 18 1403
7266 6 1982
7280 71 2223
7294 37 1982
7357 5 1982
7378 40 1982
7391 47 1982 2223
7409 10 1982
7421 9 1982
7449 20 1982
7490 25 2223
7544 10 1982
7578 24 1498
7650 2 1498
7675 16 1498 1982 2223
7721 1 1865
7727 26 1982
7733 42 1982
7743 10 2223
7744 49 1982
7755 10 1982
7768 10 1498
7772 15 1982
7774 30 1498 1982
7810 7 1982
7818 15 2223
7862 8 1982
7882 10 1498
7884 5 1982
7901 28 1982
7902 18 1498 1982
8005 2 2223
8047 17 1982
8088 1 1982
8152 10 1982
8173 6 1982
8213 1 1982
